ID1,ID2,ID3,Kt,theta0
3,2,0,35.0000,1.9111
4,10,2,35.0000,1.9111
6,2,0,35.0000,1.9111
6,2,3,35.0000,1.9111
7,10,2,35.0000,1.9111
7,10,4,33.0000,1.8815
9,11,1,33.0000,1.8815
10,2,0,35.0000,1.9111
10,2,3,35.0000,1.9111
10,2,6,35.0000,1.9111
12,15,5,33.0000,1.8815
15,24,13,37.5000,1.9321
17,11,1,33.0000,1.8815
17,11,9,33.0000,1.8815
18,19,8,35.0000,2.0944
20,22,11,80.0000,2.1014
21,25,14,33.0000,1.8815
22,11,1,35.0000,1.9111
22,11,9,35.0000,1.9111
22,11,17,35.0000,1.9111
23,25,14,35.0000,1.9111
23,25,21,35.0000,1.9111
24,15,5,37.5000,1.9321
24,15,12,37.5000,1.9321
24,27,16,80.0000,2.1014
26,15,5,33.0000,1.8815
26,15,12,33.0000,1.8815
26,15,24,37.5000,1.9321
27,24,13,35.0000,1.9111
27,24,15,63.0000,1.9391
28,19,8,35.0000,2.0909
28,19,18,35.0000,2.0909
29,28,19,80.0000,2.1450
30,10,2,80.0000,1.9408
30,10,4,37.5000,1.9321
30,10,7,37.5000,1.9321
31,23,25,55.0000,1.8937
32,30,10,37.5000,1.9321
34,44,30,37.5000,1.9321
36,47,28,35.0000,1.9111
37,45,35,35.0000,1.9111
38,37,33,80.0000,2.1991
39,45,35,33.0000,1.8815
39,45,37,35.0000,1.9111
40,30,10,37.5000,1.9321
40,30,32,33.0000,1.8815
43,44,30,37.5000,1.9321
43,44,34,33.0000,1.8815
44,30,10,58.3500,1.9670
44,30,32,37.5000,1.9321
44,30,40,37.5000,1.9321
45,37,33,70.0000,2.0420
45,37,38,70.0000,2.0420
46,22,11,70.0000,2.0351
46,22,20,80.0000,2.1450
47,28,19,70.0000,2.0351
47,28,29,80.0000,2.1014
49,69,48,33.0000,1.8815
50,24,13,35.0000,1.9111
50,24,15,80.0000,1.9146
50,24,27,63.0000,1.9216
51,47,28,35.0000,1.9111
51,47,36,33.0000,1.8815
53,27,16,80.0000,2.1450
53,27,24,70.0000,2.0351
53,67,41,35.0000,1.9111
54,75,52,33.0000,1.8815
55,66,42,33.0000,1.8815
56,46,22,35.0000,2.0909
57,58,25,37.5000,1.9321
58,25,14,37.5000,1.9321
58,25,21,37.5000,1.9321
58,25,23,50.0000,1.9111
61,71,50,80.0000,2.1450
63,50,24,38.0000,2.0665
67,53,27,50.0000,2.1276
68,70,58,50.0000,2.1276
68,80,46,63.0000,1.9216
69,86,62,37.5000,1.9321
70,58,25,80.0000,1.9146
70,58,57,35.0000,1.9111
70,68,60,80.0000,2.1450
71,50,24,50.0000,2.1276
71,50,63,35.0000,2.0909
73,53,27,35.0000,2.0909
73,53,67,38.0000,2.0665
74,66,42,33.0000,1.8815
74,66,55,33.0000,1.8815
75,102,67,58.3500,1.9670
78,88,58,80.0000,2.1014
79,70,58,38.0000,2.0665
79,70,68,35.0000,2.0909
80,46,22,50.0000,2.1276
80,46,56,38.0000,2.0665
80,68,60,80.0000,2.1014
80,68,70,70.0000,2.0351
81,80,46,35.0000,1.9111
81,80,68,35.0000,1.9111
82,107,77,33.0000,1.8815
84,111,75,70.0000,2.0420
85,91,47,37.5000,1.9321
86,69,48,37.5000,1.9321
86,69,49,37.5000,1.9321
88,58,25,63.0000,1.9391
88,58,57,35.0000,1.9111
88,58,70,63.0000,1.9216
89,44,30,58.3500,1.9670
89,44,34,37.5000,1.9321
89,44,43,37.5000,1.9321
90,89,44,37.5000,1.9321
91,47,28,63.0000,1.9391
91,47,36,37.5000,1.9321
91,47,51,37.5000,1.9321
92,67,41,35.0000,1.9111
92,67,53,63.0000,1.9216
93,113,76,50.0000,1.9111
94,120,93,50.0000,2.1276
94,127,89,63.0000,1.9391
95,45,35,37.5000,1.9321
95,45,37,63.0000,1.9391
95,45,39,37.5000,1.9321
95,109,87,80.0000,2.1014
97,129,93,80.0000,2.1014
99,116,66,37.5000,1.9321
100,130,86,37.5000,1.9321
101,113,76,50.0000,1.9111
101,113,93,58.3500,1.9670
102,67,41,37.5000,1.9321
102,67,53,80.0000,1.9146
102,67,92,63.0000,1.9391
102,75,52,37.5000,1.9321
102,75,54,37.5000,1.9321
103,95,45,37.5000,1.9321
104,92,67,80.0000,2.1014
105,115,92,35.0000,2.0909
107,123,71,63.0000,1.9391
109,95,45,63.0000,1.9391
109,95,103,35.0000,1.9111
110,101,64,33.0000,1.8815
111,75,52,35.0000,1.9111
111,75,54,35.0000,1.9111
111,75,102,63.0000,1.9391
112,69,48,35.0000,1.9111
112,69,49,35.0000,1.9111
112,69,86,80.0000,1.9408
112,125,98,70.0000,2.0944
113,76,83,55.0000,1.8937
113,93,59,37.5000,1.9321
113,101,64,37.5000,1.9321
113,101,110,37.5000,1.9321
114,98,72,35.0000,2.0944
115,92,67,70.0000,2.0351
115,92,104,80.0000,2.1450
115,137,91,80.0000,1.9146
116,66,42,37.5000,1.9321
116,66,55,37.5000,1.9321
116,66,74,37.5000,1.9321
117,86,62,33.0000,1.8815
117,86,69,37.5000,1.9321
118,91,47,37.5000,1.9321
118,91,85,33.0000,1.8815
119,89,44,37.5000,1.9321
119,89,90,33.0000,1.8815
120,93,59,35.0000,1.9111
120,93,113,80.0000,1.9146
120,94,65,80.0000,2.1450
121,138,95,38.0000,2.0665
123,71,50,70.0000,2.0351
123,71,61,80.0000,2.1014
123,107,77,37.5000,1.9321
123,107,82,37.5000,1.9321
124,102,67,37.5000,1.9321
124,102,75,37.5000,1.9321
125,98,72,35.0000,2.0944
125,98,114,35.0000,2.0944
125,112,69,50.0000,2.1502
126,116,66,37.5000,1.9321
126,116,99,33.0000,1.8815
127,89,44,58.3500,1.9670
127,89,90,37.5000,1.9321
127,89,119,37.5000,1.9321
127,94,65,80.0000,2.1014
127,94,120,70.0000,2.0351
128,127,89,37.5000,1.9321
128,127,94,35.0000,1.9111
129,93,59,35.0000,1.9111
129,93,113,63.0000,1.9391
129,93,120,63.0000,1.9216
130,86,62,37.5000,1.9321
130,86,69,58.3500,1.9670
130,86,117,37.5000,1.9321
130,146,108,37.5000,1.9321
131,143,106,33.0000,1.8815
132,112,69,35.0000,2.0665
132,112,125,35.0000,2.0944
133,136,96,35.0000,2.0944
134,101,64,33.0000,1.8815
134,101,110,33.0000,1.8815
134,101,113,37.5000,1.9321
135,140,80,37.5000,1.9321
137,91,47,58.3500,1.9670
137,91,85,37.5000,1.9321
137,91,118,37.5000,1.9321
137,115,92,50.0000,2.1276
137,115,105,38.0000,2.0665
138,95,45,80.0000,1.9146
138,95,103,35.0000,1.9111
138,95,109,63.0000,1.9216
139,102,67,37.5000,1.9321
139,102,75,37.5000,1.9321
139,102,124,33.0000,1.8815
140,80,46,80.0000,1.9146
140,80,68,63.0000,1.9391
140,80,81,37.5000,1.9321
141,137,91,37.5000,1.9321
141,137,115,35.0000,1.9111
142,109,87,80.0000,2.1450
142,109,95,70.0000,2.0351
142,156,122,35.0000,1.9111
143,158,107,58.3500,1.9670
144,88,58,70.0000,2.0351
144,88,78,80.0000,2.1450
146,130,86,58.3500,1.9670
146,130,100,37.5000,1.9321
146,171,145,80.0000,2.1014
147,120,93,38.0000,2.0665
147,120,94,35.0000,2.0909
148,154,123,38.0000,2.0665
149,144,88,35.0000,2.0909
150,123,71,35.0000,1.9111
150,123,107,37.5000,1.9321
151,142,109,35.0000,2.0909
152,140,80,50.0000,1.9111
152,140,135,35.0000,1.9111
154,123,71,63.0000,1.9216
154,123,107,80.0000,1.9146
154,123,150,35.0000,1.9111
155,113,76,35.0000,1.9111
155,113,93,37.5000,1.9321
155,113,101,37.5000,1.9321
156,142,109,50.0000,2.1276
156,142,151,38.0000,2.0665
156,164,116,58.3500,1.9670
157,152,140,55.0000,1.8937
158,107,77,37.5000,1.9321
158,107,82,37.5000,1.9321
158,107,123,58.3500,1.9670
158,143,106,37.5000,1.9321
158,143,131,37.5000,1.9321
159,111,75,70.0000,2.0420
159,111,84,80.0000,2.1991
161,130,86,37.5000,1.9321
161,130,100,33.0000,1.8815
161,130,146,37.5000,1.9321
163,125,98,70.0000,2.0944
163,125,112,70.0000,2.0944
164,116,66,58.3500,1.9670
164,116,99,37.5000,1.9321
164,116,126,37.5000,1.9321
164,156,122,37.5000,1.9321
164,156,142,80.0000,1.9146
164,189,160,37.5000,1.9321
166,185,144,35.0000,1.9111
170,158,107,37.5000,1.9321
170,158,143,37.5000,1.9321
171,146,108,35.0000,1.9111
171,146,130,63.0000,1.9391
174,163,125,35.0000,2.0944
175,129,93,70.0000,2.0351
175,129,97,80.0000,2.1450
176,163,125,35.0000,2.0944
176,163,174,35.0000,2.0944
179,184,140,37.5000,1.9321
180,146,108,35.0000,1.9111
180,146,130,80.0000,1.9146
180,146,171,63.0000,1.9216
180,183,153,80.0000,2.1450
181,127,89,80.0000,1.9146
181,127,94,63.0000,1.9216
181,127,128,35.0000,1.9111
182,136,96,35.0000,2.0944
182,136,133,35.0000,2.0944
182,187,143,50.0000,2.1502
183,180,146,50.0000,2.1276
184,140,80,58.3500,1.9670
184,140,135,37.5000,1.9321
184,140,152,50.0000,1.9111
185,144,88,50.0000,2.1276
185,144,149,38.0000,2.0665
186,154,123,50.0000,2.1276
186,154,148,35.0000,2.0909
186,220,175,63.0000,1.9216
187,143,106,35.0000,1.9111
187,143,131,35.0000,1.9111
187,143,158,80.0000,1.9408
187,182,136,70.0000,2.0944
189,164,116,58.3500,1.9670
189,164,156,58.3500,1.9670
190,138,95,50.0000,2.1276
190,138,121,35.0000,2.0909
191,189,160,33.0000,1.8815
191,189,164,37.5000,1.9321
192,181,127,38.0000,2.0665
193,158,107,37.5000,1.9321
193,158,143,37.5000,1.9321
193,158,170,33.0000,1.8815
195,184,140,37.5000,1.9321
195,184,179,33.0000,1.8815
197,213,165,33.0000,1.8815
199,175,129,35.0000,2.0909
200,137,91,63.0000,1.9391
200,137,115,63.0000,1.9216
200,137,141,35.0000,1.9111
201,164,116,37.5000,1.9321
201,164,156,37.5000,1.9321
201,164,189,37.5000,1.9321
202,218,172,33.0000,1.8815
205,186,154,80.0000,2.1450
206,233,188,35.0000,1.9111
209,230,194,33.0000,1.8815
210,219,156,70.0000,2.0351
211,206,177,80.0000,2.1991
212,220,175,35.0000,1.9111
212,220,186,35.0000,1.9111
213,252,183,63.0000,1.9391
214,229,185,70.0000,2.0351
214,237,190,63.0000,1.9216
216,250,185,37.5000,1.9321
217,243,198,33.0000,1.8815
218,230,194,37.5000,1.9321
218,230,209,37.5000,1.9321
219,156,122,35.0000,1.9111
219,156,142,63.0000,1.9216
219,156,164,63.0000,1.9391
219,210,162,35.0000,2.0909
220,175,129,50.0000,2.1276
220,175,199,38.0000,2.0665
220,186,154,70.0000,2.0351
220,186,205,80.0000,2.1014
221,190,138,80.0000,2.1450
222,180,146,38.0000,2.0665
222,180,183,35.0000,2.0909
223,225,168,35.0000,1.9111
224,200,137,80.0000,2.1014
225,223,167,70.0000,2.0420
227,237,190,63.0000,1.9391
227,237,214,80.0000,1.9146
229,185,144,63.0000,1.9216
229,185,166,35.0000,1.9111
229,214,178,35.0000,2.0909
230,218,172,37.5000,1.9321
230,218,202,37.5000,1.9321
231,253,200,35.0000,2.0909
232,227,169,33.0000,1.8815
233,206,177,70.0000,2.0420
233,206,211,70.0000,2.0420
233,259,203,37.5000,1.9321
235,228,173,35.0000,2.0944
237,190,138,70.0000,2.0351
237,190,221,80.0000,2.1014
237,214,178,38.0000,2.0665
237,214,229,50.0000,2.1276
237,227,169,37.5000,1.9321
237,227,232,37.5000,1.9321
238,244,181,80.0000,2.1450
239,268,225,37.5000,1.9321
240,274,234,33.0000,1.8815
241,187,143,35.0000,2.0665
241,187,182,35.0000,2.0944
242,184,140,37.5000,1.9321
242,184,179,33.0000,1.8815
242,184,195,33.0000,1.8815
244,181,127,50.0000,2.1276
244,181,192,35.0000,2.0909
245,248,182,35.0000,2.0944
246,171,145,80.0000,2.1450
246,171,146,70.0000,2.0351
247,256,196,33.0000,1.8815
248,182,136,70.0000,2.0944
248,182,187,70.0000,2.0944
249,189,160,33.0000,1.8815
249,189,164,37.5000,1.9321
249,189,191,33.0000,1.8815
250,185,144,80.0000,1.9146
250,185,166,37.5000,1.9321
250,185,229,63.0000,1.9391
251,287,250,37.5000,1.9321
252,183,153,80.0000,2.1014
252,183,180,70.0000,2.0351
252,213,165,37.5000,1.9321
252,213,197,37.5000,1.9321
253,200,137,70.0000,2.0351
253,200,224,80.0000,2.1450
255,225,168,33.0000,1.8815
255,225,223,35.0000,1.9111
256,281,227,58.3500,1.9670
257,272,243,38.0000,2.0665
259,233,188,37.5000,1.9321
259,233,206,63.0000,1.9391
259,295,258,37.5000,1.9321
260,265,213,70.0000,2.0420
261,268,225,63.0000,1.9391
261,268,239,35.0000,1.9111
262,229,185,80.0000,2.1014
262,229,214,80.0000,2.1450
263,273,210,80.0000,1.9146
263,286,254,37.5000,1.9321
264,290,246,35.0000,1.9111
265,213,165,35.0000,1.9111
265,213,197,35.0000,1.9111
265,213,252,63.0000,1.9391
267,273,210,63.0000,1.9216
267,273,263,63.0000,1.9391
268,225,168,37.5000,1.9321
268,225,223,63.0000,1.9391
268,225,255,37.5000,1.9321
268,261,208,80.0000,2.1014
269,252,183,35.0000,1.9111
269,252,213,37.5000,1.9321
271,284,228,70.0000,2.0944
272,243,198,35.0000,1.9111
272,243,217,35.0000,1.9111
273,210,162,38.0000,2.0665
273,210,219,50.0000,2.1276
273,263,207,37.5000,1.9321
273,267,204,80.0000,2.1014
274,307,250,58.3500,1.9670
275,246,171,35.0000,2.0909
278,223,167,80.0000,2.1991
278,223,225,70.0000,2.0420
279,219,156,80.0000,2.1014
279,219,210,80.0000,2.1450
281,227,169,37.5000,1.9321
281,227,232,37.5000,1.9321
281,227,237,58.3500,1.9670
281,256,196,37.5000,1.9321
281,256,247,37.5000,1.9321
282,233,188,33.0000,1.8815
282,233,206,35.0000,1.9111
282,233,259,37.5000,1.9321
283,286,254,37.5000,1.9321
283,286,263,58.3500,1.9670
284,228,173,35.0000,2.0944
284,228,235,35.0000,2.0944
284,271,215,35.0000,2.0944
285,281,227,37.5000,1.9321
285,281,256,37.5000,1.9321
286,263,207,37.5000,1.9321
286,263,273,58.3500,1.9670
286,283,226,37.5000,1.9321
287,250,185,58.3500,1.9670
287,250,216,37.5000,1.9321
289,256,196,33.0000,1.8815
289,256,247,33.0000,1.8815
289,256,281,37.5000,1.9321
290,246,171,50.0000,2.1276
290,246,275,38.0000,2.0665
290,293,277,80.0000,2.1014
291,218,172,35.0000,1.9111
291,218,202,35.0000,1.9111
291,218,230,80.0000,1.9146
291,305,243,70.0000,2.0351
292,315,266,33.0000,1.8815
293,290,246,63.0000,1.9216
293,290,264,35.0000,1.9111
294,259,203,33.0000,1.8815
294,259,233,37.5000,1.9321
295,259,203,37.5000,1.9321
295,259,233,58.3500,1.9670
295,259,294,37.5000,1.9321
296,330,283,35.0000,2.0665
297,237,190,35.0000,1.9111
297,237,214,35.0000,1.9111
297,237,227,37.5000,1.9321
298,332,288,37.5000,1.9321
299,248,182,35.0000,2.0944
299,248,245,35.0000,2.0944
300,263,207,33.0000,1.8815
300,263,273,37.5000,1.9321
300,263,286,37.5000,1.9321
301,298,236,33.0000,1.8815
302,220,175,80.0000,1.9146
302,220,186,63.0000,1.9391
302,220,212,37.5000,1.9321
303,283,226,33.0000,1.8815
303,283,286,37.5000,1.9321
305,243,198,35.0000,1.9111
305,243,217,35.0000,1.9111
305,243,272,63.0000,1.9216
305,291,218,50.0000,2.1276
306,302,220,37.5000,1.9321
307,250,185,58.3500,1.9670
307,250,216,37.5000,1.9321
307,250,287,58.3500,1.9670
307,274,234,37.5000,1.9321
307,274,240,37.5000,1.9321
308,265,213,70.0000,2.0420
308,265,260,80.0000,2.1991
310,295,258,35.0000,1.9111
310,295,259,80.0000,1.9146
311,321,310,80.0000,2.1450
312,271,215,35.0000,2.0944
312,271,284,35.0000,2.0944
313,230,194,37.5000,1.9321
313,230,209,37.5000,1.9321
313,230,218,58.3500,1.9670
313,355,291,80.0000,1.9146
314,293,277,80.0000,2.1450
314,293,290,70.0000,2.0351
314,326,244,63.0000,1.9216
315,358,302,58.3500,1.9670
316,252,183,63.0000,1.9216
316,252,213,80.0000,1.9146
316,252,269,35.0000,1.9111
317,261,208,80.0000,2.1450
317,261,268,70.0000,2.0351
317,328,270,35.0000,1.9111
319,310,295,38.0000,2.0665
320,272,243,50.0000,2.1276
320,272,257,35.0000,2.0909
320,348,309,35.0000,1.9111
321,310,295,50.0000,2.1276
321,310,319,35.0000,2.0909
321,343,298,63.0000,1.9391
322,274,234,33.0000,1.8815
322,274,240,33.0000,1.8815
322,274,307,37.5000,1.9321
323,287,250,37.5000,1.9321
323,287,251,33.0000,1.8815
324,340,280,33.0000,1.8815
325,332,288,33.0000,1.8815
325,332,298,37.5000,1.9321
326,244,181,70.0000,2.0351
326,244,238,80.0000,2.1014
326,314,293,50.0000,2.1276
327,343,298,80.0000,1.9146
327,343,321,63.0000,1.9216
328,317,261,50.0000,2.1276
328,354,318,80.0000,2.1014
329,316,252,38.0000,2.0665
330,283,226,35.0000,1.9111
330,283,286,80.0000,1.9408
330,283,303,35.0000,1.9111
331,273,210,35.0000,1.9111
331,273,263,37.5000,1.9321
331,273,267,35.0000,1.9111
332,298,236,37.5000,1.9321
332,298,301,37.5000,1.9321
333,313,230,37.5000,1.9321
334,314,293,35.0000,2.0909
334,314,326,38.0000,2.0665
336,287,250,37.5000,1.9321
336,287,251,33.0000,1.8815
336,287,323,33.0000,1.8815
337,253,200,50.0000,2.1276
337,253,231,38.0000,2.0665
337,363,335,37.5000,1.9321
338,302,220,37.5000,1.9321
338,302,306,33.0000,1.8815
339,313,230,37.5000,1.9321
339,313,333,33.0000,1.8815
341,267,204,80.0000,2.1450
341,267,273,70.0000,2.0351
341,348,309,35.0000,1.9111
341,348,320,63.0000,1.9216
343,298,236,37.5000,1.9321
343,298,301,37.5000,1.9321
343,298,332,58.3500,1.9670
343,321,310,70.0000,2.0351
343,321,311,80.0000,2.1014
343,327,276,38.0000,2.0665
344,382,340,37.5000,1.9321
345,337,253,35.0000,1.9111
346,320,272,80.0000,2.1450
347,307,250,37.5000,1.9321
347,307,274,37.5000,1.9321
348,320,272,70.0000,2.0351
348,320,346,80.0000,2.1014
348,341,267,50.0000,2.1276
349,286,254,33.0000,1.8815
349,286,263,37.5000,1.9321
349,286,283,37.5000,1.9321
350,326,244,35.0000,1.9111
350,326,314,35.0000,1.9111
351,268,225,80.0000,1.9146
351,268,239,35.0000,1.9111
351,268,261,63.0000,1.9216
352,307,250,37.5000,1.9321
352,307,274,37.5000,1.9321
352,307,347,33.0000,1.8815
353,374,342,35.0000,2.0944
354,328,270,35.0000,1.9111
354,328,317,63.0000,1.9216
355,291,218,50.0000,2.0595
355,291,305,50.0000,2.1276
355,313,230,58.3500,1.9670
355,313,333,37.5000,1.9321
355,313,339,37.5000,1.9321
355,376,327,70.0000,2.0351
356,363,335,33.0000,1.8815
356,363,337,37.5000,1.9321
357,315,266,33.0000,1.8815
357,315,292,33.0000,1.8815
358,302,220,58.3500,1.9670
358,302,306,37.5000,1.9321
358,302,338,37.5000,1.9321
358,315,266,37.5000,1.9321
358,315,292,37.5000,1.9321
358,315,357,37.5000,1.9321
359,381,326,37.5000,1.9321
360,317,261,35.0000,2.0909
360,317,328,38.0000,2.0665
361,284,228,70.0000,2.0944
361,284,271,70.0000,2.0944
362,386,328,37.5000,1.9321
363,337,253,80.0000,1.9146
363,337,345,37.5000,1.9321
364,370,316,80.0000,2.1450
366,281,227,58.3500,1.9670
366,281,256,58.3500,1.9670
366,281,285,37.5000,1.9321
367,366,281,37.5000,1.9321
368,351,268,38.0000,2.0665
369,361,284,35.0000,2.0944
370,316,252,50.0000,2.1276
370,316,329,35.0000,2.0909
371,393,365,35.0000,2.0944
372,378,290,37.5000,1.9321
373,305,243,80.0000,2.1014
373,305,291,80.0000,2.1450
375,383,337,80.0000,2.1014
376,327,276,35.0000,2.0909
376,327,343,50.0000,2.1276
376,355,291,63.0000,1.9216
376,355,313,63.0000,1.9391
377,358,302,37.5000,1.9321
377,358,315,37.5000,1.9321
378,290,246,80.0000,1.9146
378,290,264,37.5000,1.9321
378,290,293,63.0000,1.9391
379,295,258,35.0000,1.9111
379,295,259,63.0000,1.9391
379,295,310,63.0000,1.9216
379,387,340,50.0000,2.1276
380,381,326,37.5000,1.9321
380,381,359,33.0000,1.8815
381,326,244,63.0000,1.9391
381,326,314,80.0000,1.9146
381,326,350,37.5000,1.9321
382,340,280,37.5000,1.9321
382,340,324,37.5000,1.9321
383,337,253,63.0000,1.9216
383,337,345,35.0000,1.9111
383,337,363,63.0000,1.9391
384,341,267,35.0000,2.0909
384,341,348,38.0000,2.0665
385,392,351,80.0000,2.1450
386,328,270,37.5000,1.9321
386,328,317,80.0000,1.9146
386,328,354,63.0000,1.9391
386,410,371,70.0000,2.0944
387,340,280,35.0000,1.9111
387,340,324,35.0000,1.9111
387,340,382,80.0000,1.9146
387,379,295,70.0000,2.0351
389,366,281,37.5000,1.9321
389,366,367,33.0000,1.8815
391,343,298,37.5000,1.9321
391,343,321,35.0000,1.9111
391,343,327,35.0000,1.9111
392,351,268,50.0000,2.1276
392,351,368,35.0000,2.0909
393,371,304,35.0000,2.0944
394,330,283,50.0000,2.1502
394,330,296,35.0000,2.0944
395,430,394,35.0000,2.0944
396,355,291,35.0000,1.9111
396,355,313,37.5000,1.9321
396,355,376,35.0000,1.9111
397,378,290,37.5000,1.9321
397,378,372,33.0000,1.8815
398,366,281,37.5000,1.9321
398,366,367,33.0000,1.8815
398,366,389,33.0000,1.8815
399,382,340,37.5000,1.9321
399,382,344,33.0000,1.8815
400,354,318,80.0000,2.1450
400,354,328,70.0000,2.0351
400,427,370,63.0000,1.9216
405,332,288,37.5000,1.9321
405,332,298,58.3500,1.9670
405,332,325,37.5000,1.9321
405,434,402,37.5000,1.9321
407,432,382,37.5000,1.9321
408,405,332,37.5000,1.9321
409,423,358,37.5000,1.9321
410,371,304,35.0000,2.0944
410,371,393,63.0000,2.0944
410,386,328,63.0000,1.9897
410,386,362,35.0000,1.9111
412,421,361,35.0000,1.9111
414,363,335,33.0000,1.8815
414,363,337,37.5000,1.9321
414,363,356,33.0000,1.8815
415,436,394,35.0000,2.0944
416,379,295,80.0000,2.1014
416,379,387,80.0000,2.1450
417,378,290,63.0000,1.9897
417,378,372,35.0000,1.9111
417,378,397,35.0000,1.9111
417,419,390,35.0000,2.0944
418,383,337,70.0000,2.0351
418,383,375,80.0000,2.1450
419,417,378,70.0000,2.0944
420,418,383,35.0000,2.0909
421,361,284,50.0000,2.1502
421,361,369,35.0000,2.0665
421,433,388,37.5000,1.9321
422,348,309,37.5000,1.9321
422,348,320,63.0000,1.9391
422,348,341,80.0000,1.9146
422,437,404,37.5000,1.9321
423,358,302,58.3500,1.9670
423,358,315,58.3500,1.9670
423,358,377,37.5000,1.9321
424,400,354,35.0000,2.0909
425,437,404,33.0000,1.8815
425,437,422,37.5000,1.9321
426,376,327,80.0000,2.1450
426,376,355,80.0000,2.1014
427,370,316,70.0000,2.0351
427,370,364,80.0000,2.1014
427,400,354,50.0000,2.1276
427,400,424,38.0000,2.0665
428,386,328,37.5000,1.9321
428,386,362,33.0000,1.8815
428,386,410,35.0000,1.9111
430,394,330,70.0000,2.0944
431,434,402,33.0000,1.8815
431,434,405,37.5000,1.9321
432,382,340,58.3500,1.9670
432,382,344,37.5000,1.9321
432,382,399,37.5000,1.9321
432,444,387,80.0000,1.9146
433,421,361,80.0000,1.9408
433,421,412,37.5000,1.9321
434,405,332,58.3500,1.9670
434,405,408,37.5000,1.9321
435,374,342,35.0000,2.0909
435,374,353,35.0000,2.0909
435,461,413,35.0000,1.9111
436,394,330,70.0000,2.0944
436,394,430,70.0000,2.0944
437,422,348,58.3500,1.9670
438,471,433,37.5000,1.9321
439,405,332,37.5000,1.9321
439,405,408,33.0000,1.8815
439,405,434,37.5000,1.9321
440,473,418,35.0000,1.9111
441,422,348,37.5000,1.9321
441,422,437,37.5000,1.9321
442,427,370,35.0000,1.9111
442,427,400,35.0000,1.9111
443,467,429,33.0000,1.8815
444,387,340,50.0000,2.0595
444,387,379,50.0000,2.1276
444,432,382,58.3500,1.9670
444,432,407,37.5000,1.9321
444,453,406,80.0000,2.1014
445,381,326,63.0000,1.9897
445,381,359,35.0000,1.9111
445,381,380,35.0000,1.9111
446,423,358,37.5000,1.9321
446,423,409,33.0000,1.8815
447,460,411,33.0000,1.8815
449,422,348,37.5000,1.9321
449,422,437,37.5000,1.9321
449,422,441,33.0000,1.8815
450,483,445,35.0000,2.0944
453,444,387,63.0000,1.9216
453,444,432,63.0000,1.9391
455,423,358,37.5000,1.9321
455,423,409,33.0000,1.8815
455,423,446,33.0000,1.8815
456,491,452,80.0000,1.9408
458,459,417,35.0000,2.0944
459,417,378,70.0000,2.0944
459,417,419,63.0000,2.0944
461,435,374,70.0000,2.0351
462,452,403,35.0000,1.9111
463,419,390,35.0000,2.0944
463,419,417,63.0000,2.0944
464,463,419,35.0000,2.0944
465,497,456,37.5000,1.9321
466,489,445,35.0000,2.0944
468,456,401,33.0000,1.8815
469,433,388,33.0000,1.8815
469,433,421,37.5000,1.9321
470,421,361,35.0000,1.9111
470,421,412,33.0000,1.8815
470,421,433,37.5000,1.9321
471,433,388,37.5000,1.9321
471,433,421,58.3500,1.9670
471,433,469,37.5000,1.9321
471,474,392,63.0000,1.9391
472,393,365,35.0000,2.0944
472,393,371,63.0000,2.0944
473,418,383,50.0000,2.1276
473,418,420,38.0000,2.0665
473,499,448,37.5000,1.9321
474,392,351,70.0000,2.0351
474,392,385,80.0000,2.1014
474,471,433,58.3500,1.9670
474,471,438,37.5000,1.9321
476,460,411,33.0000,1.8815
476,460,447,33.0000,1.8815
477,435,374,80.0000,2.1450
477,435,461,80.0000,2.1014
478,432,382,37.5000,1.9321
478,432,407,33.0000,1.8815
478,432,444,37.5000,1.9321
479,467,429,33.0000,1.8815
479,467,443,33.0000,1.8815
480,430,394,35.0000,2.0944
480,430,395,35.0000,2.0944
481,452,403,35.0000,1.9111
481,452,462,35.0000,1.9111
483,445,381,70.0000,2.0944
484,491,452,35.0000,1.9111
484,491,456,37.5000,1.9321
485,493,427,37.5000,1.9321
486,497,456,37.5000,1.9321
486,497,465,33.0000,1.8815
487,410,371,63.0000,2.0944
487,410,386,70.0000,2.0944
487,513,472,63.0000,2.0944
488,461,413,33.0000,1.8815
488,461,435,35.0000,1.9111
489,445,381,70.0000,2.0944
489,445,483,63.0000,2.0944
490,436,394,35.0000,2.0944
490,436,415,35.0000,2.0944
491,452,403,35.0000,1.9111
491,452,462,35.0000,1.9111
491,452,481,35.0000,1.9111
491,456,401,37.5000,1.9321
491,456,468,37.5000,1.9321
492,444,387,35.0000,1.9111
492,444,432,37.5000,1.9321
492,444,453,35.0000,1.9111
493,427,370,63.0000,1.9391
493,427,400,80.0000,1.9146
493,427,442,37.5000,1.9321
493,505,457,37.5000,1.9321
495,507,451,33.0000,1.8815
497,456,401,37.5000,1.9321
497,456,468,37.5000,1.9321
497,456,491,58.3500,1.9670
498,514,461,37.5000,1.9321
499,473,418,80.0000,1.9146
499,473,440,37.5000,1.9321
500,472,393,70.0000,2.0944
502,523,460,37.5000,1.9321
503,474,392,63.0000,1.9216
503,474,471,80.0000,1.9146
504,474,392,35.0000,1.9111
504,474,471,37.5000,1.9321
504,474,503,35.0000,1.9111
505,493,427,58.3500,1.9670
505,493,485,37.5000,1.9321
506,459,417,63.0000,2.0944
506,459,458,35.0000,2.0944
506,508,463,63.0000,2.0944
508,463,419,63.0000,2.0944
508,463,464,35.0000,2.0944
508,506,459,63.0000,2.0944
509,434,402,35.0000,1.9111
509,434,405,80.0000,1.9408
509,434,431,35.0000,1.9111
510,505,457,33.0000,1.8815
510,505,493,37.5000,1.9321
511,503,474,38.0000,2.0665
512,520,503,80.0000,2.1450
513,472,393,63.0000,2.0944
513,472,500,70.0000,2.0944
513,487,410,63.0000,2.0944
514,461,413,37.5000,1.9321
514,461,435,63.0000,1.9391
514,461,488,37.5000,1.9321
514,515,454,80.0000,2.1014
515,514,461,63.0000,1.9391
515,514,498,35.0000,1.9111
516,437,404,35.0000,1.9111
516,437,422,63.0000,1.9391
516,437,425,35.0000,1.9111
516,530,496,35.0000,2.0909
517,509,434,35.0000,1.9111
519,547,507,37.5000,1.9321
520,503,474,50.0000,2.1276
520,503,511,35.0000,2.0909
521,487,410,35.0000,2.0944
521,487,513,35.0000,2.0944
522,471,433,37.5000,1.9321
522,471,438,33.0000,1.8815
522,471,474,37.5000,1.9321
523,460,411,37.5000,1.9321
523,460,447,37.5000,1.9321
523,460,476,37.5000,1.9321
523,536,494,37.5000,1.9321
524,543,520,35.0000,1.9111
526,499,448,33.0000,1.8815
526,499,473,37.5000,1.9321
527,453,406,80.0000,2.1450
527,453,444,70.0000,2.0351
527,543,520,63.0000,1.9216
527,543,524,35.0000,1.9111
528,509,434,35.0000,1.9111
528,509,517,35.0000,1.9111
529,473,418,63.0000,1.9216
529,473,440,35.0000,1.9111
529,473,499,63.0000,1.9391
530,516,437,70.0000,2.0351
531,507,451,33.0000,1.8815
531,507,495,33.0000,1.8815
532,534,482,33.0000,1.8815
533,506,459,35.0000,2.0944
533,506,508,35.0000,2.0944
534,567,525,70.0000,2.0351
535,568,534,37.5000,1.9321
536,523,460,58.3500,1.9670
536,523,502,37.5000,1.9321
537,509,434,35.0000,1.9111
537,509,517,35.0000,1.9111
537,509,528,35.0000,1.9111
538,508,463,35.0000,2.0944
538,508,506,35.0000,2.0944
539,529,473,80.0000,2.1014
540,467,429,35.0000,1.9111
540,467,443,35.0000,1.9111
540,467,479,35.0000,1.9111
540,563,518,35.0000,1.9111
541,525,475,35.0000,2.0944
542,499,448,35.0000,1.9111
542,499,473,50.0000,1.9111
542,499,526,35.0000,1.9111
543,520,503,70.0000,2.0351
543,520,512,80.0000,2.1014
543,527,453,50.0000,2.1276
544,491,452,35.0000,1.9111
544,491,456,37.5000,1.9321
544,491,484,33.0000,1.8815
545,500,472,35.0000,1.9722
547,507,451,37.5000,1.9321
547,507,495,37.5000,1.9321
547,507,531,37.5000,1.9321
547,551,501,37.5000,1.9321
549,505,457,33.0000,1.8815
549,505,493,37.5000,1.9321
549,505,510,33.0000,1.8815
550,536,494,33.0000,1.8815
550,536,523,37.5000,1.9321
551,547,507,58.3500,1.9670
551,547,519,37.5000,1.9321
552,483,445,63.0000,2.0944
552,483,450,35.0000,2.0944
553,557,493,37.5000,1.9321
555,542,499,55.0000,1.8937
556,570,529,35.0000,2.0909
557,493,427,58.3500,1.9670
557,493,485,37.5000,1.9321
557,493,505,58.3500,1.9670
558,489,445,63.0000,2.0944
558,489,466,35.0000,2.0944
558,592,552,63.0000,2.0944
559,516,437,80.0000,2.1014
559,516,530,80.0000,2.1450
561,583,548,33.0000,1.8815
562,527,453,35.0000,2.0909
562,527,543,38.0000,2.0665
563,540,467,62.0000,1.7261
564,593,554,33.0000,1.8815
565,600,563,37.5000,1.9321
567,525,475,35.0000,2.0909
567,525,541,35.0000,2.0909
567,534,482,35.0000,1.9111
567,534,532,35.0000,1.9111
568,534,482,37.5000,1.9321
568,534,532,37.5000,1.9321
568,534,567,63.0000,1.9391
568,571,560,38.0000,2.0665
569,513,472,35.0000,2.0944
569,513,487,35.0000,2.0944
570,529,473,70.0000,2.0351
570,529,539,80.0000,2.1450
571,568,534,80.0000,1.9146
571,568,535,35.0000,1.9111
572,557,493,37.5000,1.9321
572,557,553,33.0000,1.8815
573,497,456,58.3500,1.9670
573,497,465,37.5000,1.9321
573,497,486,37.5000,1.9321
573,602,566,37.5000,1.9321
574,587,523,37.5000,1.9321
575,552,483,35.0000,2.0944
576,515,454,80.0000,2.1450
576,515,514,70.0000,2.0351
576,588,546,35.0000,1.9111
577,583,548,33.0000,1.8815
577,583,561,33.0000,1.8815
578,573,497,37.5000,1.9321
579,551,501,33.0000,1.8815
579,551,547,37.5000,1.9321
580,536,494,33.0000,1.8815
580,536,523,37.5000,1.9321
580,536,550,33.0000,1.8815
581,551,501,33.0000,1.8815
581,551,547,37.5000,1.9321
581,551,579,33.0000,1.8815
582,530,496,35.0000,2.0944
582,530,516,35.0000,2.0909
585,514,461,80.0000,1.9146
585,514,498,35.0000,1.9111
585,514,515,63.0000,1.9216
586,571,560,35.0000,2.0909
586,571,568,50.0000,2.1276
586,588,546,35.0000,1.9111
586,588,576,63.0000,1.9216
587,523,460,58.3500,1.9670
587,523,502,37.5000,1.9321
587,523,536,58.3500,1.9670
588,576,515,50.0000,2.1276
588,586,571,70.0000,2.0351
590,558,489,35.0000,2.0944
592,552,483,63.0000,2.0944
592,552,575,35.0000,2.0944
592,558,489,63.0000,2.0944
592,558,590,35.0000,2.0944
594,615,591,33.0000,1.8815
596,585,514,38.0000,2.0665
597,619,593,37.5000,1.9321
598,600,563,37.5000,1.9321
598,600,565,33.0000,1.8815
599,563,518,33.0000,1.8815
599,563,540,35.0000,1.9111
600,563,518,37.5000,1.9321
600,563,540,50.0000,2.0019
600,563,599,37.5000,1.9321
601,586,571,80.0000,2.1450
601,586,588,80.0000,2.1014
602,573,497,58.3500,1.9670
602,573,578,37.5000,1.9321
602,605,595,38.0000,2.0665
603,573,497,37.5000,1.9321
603,573,578,33.0000,1.8815
603,573,602,37.5000,1.9321
604,557,493,37.5000,1.9321
604,557,553,33.0000,1.8815
604,557,572,33.0000,1.8815
605,602,566,35.0000,1.9111
605,602,573,80.0000,1.9146
606,623,570,35.0000,1.9111
607,587,523,37.5000,1.9321
607,587,574,33.0000,1.8815
610,622,585,80.0000,2.1450
611,605,595,35.0000,2.0909
611,605,602,50.0000,2.1276
611,613,547,63.0000,1.9391
612,576,515,35.0000,2.0909
612,576,588,38.0000,2.0665
613,547,507,58.3500,1.9670
613,547,519,37.5000,1.9321
613,547,551,58.3500,1.9670
613,611,605,70.0000,2.0351
614,632,587,63.0000,1.9391
617,619,593,37.5000,1.9321
617,619,597,33.0000,1.8815
618,641,613,38.0000,2.0665
619,593,554,37.5000,1.9321
619,593,564,37.5000,1.9321
620,543,520,63.0000,1.9391
620,543,524,37.5000,1.9321
620,543,527,80.0000,1.9146
622,585,514,50.0000,2.1276
622,585,596,35.0000,2.0909
623,570,529,50.0000,2.1276
623,570,556,38.0000,2.0665
623,645,609,37.5000,1.9321
624,611,605,80.0000,2.1450
624,611,613,80.0000,2.1014
626,567,525,80.0000,2.1450
626,567,534,80.0000,2.1014
627,643,608,33.0000,1.8815
628,634,614,50.0000,2.1276
629,650,628,37.5000,1.9321
631,620,543,37.5000,1.9321
632,587,523,58.3500,1.9670
632,587,574,37.5000,1.9321
632,587,607,37.5000,1.9321
632,614,589,80.0000,2.1014
633,568,534,63.0000,1.9391
633,568,535,35.0000,1.9111
633,568,571,63.0000,1.9216
633,639,593,50.0000,2.1276
634,614,589,80.0000,2.1450
634,614,632,70.0000,2.0351
634,628,584,35.0000,1.9111
635,632,587,37.5000,1.9321
635,632,614,35.0000,1.9111
636,620,543,37.5000,1.9321
636,620,631,33.0000,1.8815
637,660,628,80.0000,2.1014
638,642,620,70.0000,2.0944
639,593,554,35.0000,1.9111
639,593,564,35.0000,1.9111
639,593,619,80.0000,1.9146
639,633,568,70.0000,2.0351
640,613,547,37.5000,1.9321
640,613,611,35.0000,1.9111
641,613,547,80.0000,1.9146
641,613,611,63.0000,1.9216
641,613,640,35.0000,1.9111
642,620,543,63.0000,1.9897
642,620,631,35.0000,1.9111
642,620,636,35.0000,1.9111
642,638,621,35.0000,2.0944
643,669,630,37.5000,1.9321
644,592,552,70.0000,2.0944
644,592,558,70.0000,2.0944
645,623,570,80.0000,1.9146
645,623,606,37.5000,1.9321
646,583,548,37.5000,1.9321
646,583,561,37.5000,1.9321
646,583,577,37.5000,1.9321
646,650,628,58.3500,1.9670
646,650,629,37.5000,1.9321
647,588,546,37.5000,1.9321
647,588,576,80.0000,1.9146
647,588,586,63.0000,1.9391
648,615,591,33.0000,1.8815
648,615,594,33.0000,1.8815
649,647,588,37.5000,1.9321
650,628,584,37.5000,1.9321
650,628,634,80.0000,1.9146
650,646,583,58.3500,1.9670
652,647,588,37.5000,1.9321
652,647,649,33.0000,1.8815
654,615,591,35.0000,1.9111
654,615,594,35.0000,1.9111
654,615,648,35.0000,1.9111
654,703,653,35.0000,1.9111
656,602,566,35.0000,1.9111
656,602,573,63.0000,1.9391
656,602,605,63.0000,1.9216
657,600,563,58.3500,1.9670
657,600,565,37.5000,1.9321
657,600,598,37.5000,1.9321
658,664,638,35.0000,2.0944
659,634,614,35.0000,2.0909
659,634,628,38.0000,2.0665
660,628,584,35.0000,1.9111
660,628,634,63.0000,1.9216
660,628,650,63.0000,1.9391
661,657,600,37.5000,1.9321
663,656,602,80.0000,2.1014
664,638,621,35.0000,2.0944
664,638,642,63.0000,2.0944
665,685,657,80.0000,2.1014
666,646,583,37.5000,1.9321
666,646,650,37.5000,1.9321
667,644,592,35.0000,1.9722
669,643,608,37.5000,1.9321
669,643,627,37.5000,1.9321
669,683,622,63.0000,1.9391
671,668,625,33.0000,1.8815
672,645,609,33.0000,1.8815
672,645,623,37.5000,1.9321
673,699,645,63.0000,1.9391
674,623,570,63.0000,1.9216
674,623,606,35.0000,1.9111
674,623,645,63.0000,1.9391
674,688,655,35.0000,2.0909
675,642,620,70.0000,2.0944
675,642,638,63.0000,2.0944
676,694,646,37.5000,1.9321
677,668,625,33.0000,1.8815
677,668,671,33.0000,1.8815
678,675,642,35.0000,2.0944
681,633,568,80.0000,2.1014
681,633,639,80.0000,2.1450
683,622,585,70.0000,2.0351
683,622,610,80.0000,2.1014
683,669,630,37.5000,1.9321
683,669,643,58.3500,1.9670
684,708,657,38.0000,2.0665
685,657,600,63.0000,1.9391
685,657,661,35.0000,1.9111
686,694,646,37.5000,1.9321
686,694,676,33.0000,1.8815
687,619,593,58.3500,1.9670
687,619,597,37.5000,1.9321
687,619,617,37.5000,1.9321
687,709,639,80.0000,1.9146
688,674,623,70.0000,2.0351
689,710,670,35.0000,1.9111
690,711,673,35.0000,2.0909
691,687,619,37.5000,1.9321
692,647,588,37.5000,1.9321
692,647,649,33.0000,1.8815
692,647,652,33.0000,1.8815
694,646,583,58.3500,1.9670
694,646,650,58.3500,1.9670
694,646,666,37.5000,1.9321
695,696,632,38.0000,2.0665
696,632,587,80.0000,1.9146
696,632,614,63.0000,1.9216
696,632,635,35.0000,1.9111
697,664,638,63.0000,2.0944
697,664,658,35.0000,2.0944
697,707,675,63.0000,2.0944
699,645,609,37.5000,1.9321
699,645,623,58.3500,1.9670
699,645,672,37.5000,1.9321
699,673,616,80.0000,2.1014
701,674,623,80.0000,2.1014
701,674,688,80.0000,2.1450
703,654,615,62.0000,1.7261
704,643,608,35.0000,1.9111
704,643,627,35.0000,1.9111
704,643,669,63.0000,1.9391
704,706,662,35.0000,2.0909
706,704,643,70.0000,2.0351
707,675,642,63.0000,2.0944
707,675,678,35.0000,2.0944
707,697,664,63.0000,2.0944
708,657,600,80.0000,1.9146
708,657,661,35.0000,1.9111
708,657,685,63.0000,1.9216
709,639,593,50.0000,2.0595
709,639,633,50.0000,2.1276
709,687,619,58.3500,1.9670
709,687,691,37.5000,1.9321
711,673,616,80.0000,2.1450
711,673,699,70.0000,2.0351
713,650,628,37.5000,1.9321
713,650,629,33.0000,1.8815
713,650,646,37.5000,1.9321
714,641,613,50.0000,2.1276
714,641,618,35.0000,2.0909
714,744,688,63.0000,1.9216
715,734,668,58.3500,1.9670
717,683,622,63.0000,1.9216
717,683,669,80.0000,1.9146
718,724,656,35.0000,2.0909
719,717,683,38.0000,2.0665
720,669,630,33.0000,1.8815
720,669,643,37.5000,1.9321
720,669,683,37.5000,1.9321
721,715,651,33.0000,1.8815
722,699,645,37.5000,1.9321
722,699,673,35.0000,1.9111
724,656,602,70.0000,2.0351
724,656,663,80.0000,2.1450
725,734,668,37.5000,1.9321
725,734,715,37.5000,1.9321
726,703,653,33.0000,1.8815
726,703,654,35.0000,1.9111
727,697,664,35.0000,2.0944
727,697,707,35.0000,2.0944
728,752,700,33.0000,1.8815
729,710,670,35.0000,1.9111
729,710,689,35.0000,1.9111
730,683,622,35.0000,1.9111
730,683,669,37.5000,1.9321
730,683,717,35.0000,1.9111
732,687,619,37.5000,1.9321
732,687,691,33.0000,1.8815
732,687,709,37.5000,1.9321
733,709,639,35.0000,1.9111
733,709,687,37.5000,1.9321
734,668,625,37.5000,1.9321
734,668,671,37.5000,1.9321
734,668,677,37.5000,1.9321
734,715,651,37.5000,1.9321
734,715,721,37.5000,1.9321
735,660,628,70.0000,2.0351
735,660,637,80.0000,2.1450
736,707,675,35.0000,2.0944
736,707,697,35.0000,2.0944
737,767,712,35.0000,1.9111
738,685,657,70.0000,2.0351
738,685,665,80.0000,2.1450
738,771,723,35.0000,1.9111
740,760,705,33.0000,1.8815
741,778,731,35.0000,1.9111
744,688,655,38.0000,2.0665
744,688,674,50.0000,2.1276
744,714,641,70.0000,2.0351
744,753,693,37.5000,1.9321
747,769,737,50.0000,2.1276
748,773,703,37.5000,1.9321
749,717,683,50.0000,2.1276
749,717,719,35.0000,2.0909
749,788,735,63.0000,1.9216
750,749,717,80.0000,2.1450
751,706,662,35.0000,2.0944
751,706,704,35.0000,2.0909
753,744,688,80.0000,1.9146
753,744,714,63.0000,1.9391
754,738,685,35.0000,2.0909
755,735,660,35.0000,2.0909
756,715,651,33.0000,1.8815
756,715,721,33.0000,1.8815
756,715,734,37.5000,1.9321
757,699,645,37.5000,1.9321
757,699,673,35.0000,1.9111
757,699,722,33.0000,1.8815
758,694,646,37.5000,1.9321
758,694,676,33.0000,1.8815
758,694,686,33.0000,1.8815
759,704,643,80.0000,2.1014
759,704,706,80.0000,2.1450
760,784,710,80.0000,1.9408
761,747,679,33.0000,1.8815
762,781,709,70.0000,2.0351
763,793,753,37.5000,1.9321
764,714,641,80.0000,2.1450
764,714,744,80.0000,2.1014
766,711,673,35.0000,2.0909
766,711,690,35.0000,2.0944
767,737,682,80.0000,2.1014
768,791,745,33.0000,1.8815
769,737,682,80.0000,2.1450
769,737,767,70.0000,2.0351
769,747,679,35.0000,1.9111
769,747,761,35.0000,1.9111
770,741,680,80.0000,2.1991
771,738,685,50.0000,2.1276
771,738,754,38.0000,2.0665
771,799,739,50.0000,1.9111
772,752,700,35.0000,1.9111
772,752,728,35.0000,1.9111
773,703,653,37.5000,1.9321
773,703,654,50.0000,2.0019
773,703,726,37.5000,1.9321
774,696,632,50.0000,2.1276
774,696,695,35.0000,2.0909
775,812,773,37.5000,1.9321
776,792,743,33.0000,1.8815
778,741,680,70.0000,2.0420
778,741,770,70.0000,2.0420
778,813,762,80.0000,1.9146
779,806,767,50.0000,2.1276
780,747,679,33.0000,1.8815
780,747,761,33.0000,1.8815
780,747,769,35.0000,1.9111
781,709,639,63.0000,1.9216
781,709,687,63.0000,1.9391
781,709,733,35.0000,1.9111
781,762,698,35.0000,2.0909
782,811,767,37.5000,1.9321
784,710,670,35.0000,1.9111
784,710,689,35.0000,1.9111
784,710,729,35.0000,1.9111
784,760,705,37.5000,1.9321
784,760,740,37.5000,1.9321
785,774,696,80.0000,2.1450
786,708,657,50.0000,2.1276
786,708,684,35.0000,2.0909
787,753,693,33.0000,1.8815
787,753,744,37.5000,1.9321
788,735,660,50.0000,2.1276
788,735,755,38.0000,2.0665
788,749,717,70.0000,2.0351
788,749,750,80.0000,2.1014
789,788,735,35.0000,1.9111
789,788,749,35.0000,1.9111
791,819,786,63.0000,1.9391
792,829,779,63.0000,1.9391
792,847,772,68.0000,1.8099
793,753,693,37.5000,1.9321
793,753,744,58.3500,1.9670
793,753,787,37.5000,1.9321
793,807,765,70.0000,2.0420
795,801,746,33.0000,1.8815
796,821,752,80.0000,1.9146
799,739,716,55.0000,1.8937
799,771,723,37.5000,1.9321
799,771,738,80.0000,1.9146
799,833,797,37.5000,1.9321
800,744,688,35.0000,1.9111
800,744,714,35.0000,1.9111
800,744,753,37.5000,1.9321
801,823,760,58.3500,1.9670
802,784,710,35.0000,1.9111
802,784,760,37.5000,1.9321
803,769,737,35.0000,2.0909
803,769,747,38.0000,2.0665
804,819,786,63.0000,1.9216
804,819,791,80.0000,1.9146
805,724,656,50.0000,2.1276
805,724,718,38.0000,2.0665
805,828,804,70.0000,2.0351
806,767,712,35.0000,1.9111
806,767,737,63.0000,1.9216
806,779,702,80.0000,2.1450
807,793,753,63.0000,1.9391
807,793,763,35.0000,1.9111
808,805,724,35.0000,1.9111
809,773,703,37.5000,1.9321
809,773,748,33.0000,1.8815
810,734,668,58.3500,1.9670
810,734,715,58.3500,1.9670
810,734,725,37.5000,1.9321
811,767,712,37.5000,1.9321
811,767,737,63.0000,1.9391
811,767,806,80.0000,1.9146
812,773,703,58.3500,1.9670
812,773,748,37.5000,1.9321
812,773,809,37.5000,1.9321
813,762,698,38.0000,2.0665
813,762,781,50.0000,2.1276
813,778,731,37.5000,1.9321
813,778,741,63.0000,1.9391
813,844,796,70.0000,2.0351
814,786,708,80.0000,2.1450
816,778,731,33.0000,1.8815
816,778,741,35.0000,1.9111
816,778,813,37.5000,1.9321
817,850,812,80.0000,2.1014
818,810,734,37.5000,1.9321
819,786,708,70.0000,2.0351
819,786,814,80.0000,2.1014
819,791,745,37.5000,1.9321
819,791,768,37.5000,1.9321
819,804,777,38.0000,2.0665
820,810,734,37.5000,1.9321
820,810,818,33.0000,1.8815
821,752,700,37.5000,1.9321
821,752,728,37.5000,1.9321
821,752,772,50.0000,2.0019
821,796,742,38.0000,2.0665
822,835,783,35.0000,1.9111
823,760,705,37.5000,1.9321
823,760,740,37.5000,1.9321
823,760,784,58.3500,1.9670
823,801,746,37.5000,1.9321
823,801,795,37.5000,1.9321
825,784,710,35.0000,1.9111
825,784,760,37.5000,1.9321
825,784,802,33.0000,1.8815
826,838,798,33.0000,1.8815
827,852,821,70.0000,2.0351
827,853,801,80.0000,1.9146
828,804,777,35.0000,2.0909
828,804,819,50.0000,2.1276
828,805,724,63.0000,1.9216
828,805,808,35.0000,1.9111
829,779,702,80.0000,2.1014
829,779,806,70.0000,2.0351
829,792,743,37.5000,1.9321
829,792,776,37.5000,1.9321
830,811,767,37.5000,1.9321
830,811,782,33.0000,1.8815
831,838,798,33.0000,1.8815
831,838,826,33.0000,1.8815
833,799,739,50.0000,1.9111
833,799,771,58.3500,1.9670
834,771,723,35.0000,1.9111
834,771,738,63.0000,1.9216
834,771,799,63.0000,1.9391
835,783,794,55.0000,1.8937
835,839,774,63.0000,1.9391
836,823,760,37.5000,1.9321
836,823,801,37.5000,1.9321
837,799,739,35.0000,1.9111
837,799,771,37.5000,1.9321
837,799,833,37.5000,1.9321
839,774,696,70.0000,2.0351
839,774,785,80.0000,2.1014
839,835,783,50.0000,1.9111
839,835,822,37.5000,1.9321
839,862,824,38.0000,2.0665
840,781,709,80.0000,2.1014
840,781,762,80.0000,2.1450
842,834,771,80.0000,2.1014
843,829,779,35.0000,1.9111
843,829,792,37.5000,1.9321
844,796,742,35.0000,2.0909
844,796,821,50.0000,2.1276
844,813,762,63.0000,1.9216
844,813,778,63.0000,1.9391
845,793,753,37.5000,1.9321
845,793,763,33.0000,1.8815
845,793,807,35.0000,1.9111
846,791,745,35.0000,1.9111
846,791,768,35.0000,1.9111
846,791,819,63.0000,2.0176
846,851,815,35.0000,2.0944
847,772,752,68.0000,1.8099
847,792,743,35.0000,1.9111
847,792,776,35.0000,1.9111
847,792,829,50.0000,2.0019
848,833,797,33.0000,1.8815
848,833,799,37.5000,1.9321
849,853,801,37.5000,1.9321
849,853,827,35.0000,1.9111
850,812,773,63.0000,1.9391
850,812,775,35.0000,1.9111
851,846,791,70.0000,2.1817
852,821,752,63.0000,1.9391
852,821,796,63.0000,1.9216
852,827,790,35.0000,2.0909
853,801,746,37.5000,1.9321
853,801,795,37.5000,1.9321
853,801,823,58.3500,1.9670
853,827,790,38.0000,2.0665
853,827,852,50.0000,2.1276
854,857,805,37.5000,1.9321
855,857,805,63.0000,1.9391
855,857,854,35.0000,1.9111
856,813,762,35.0000,1.9111
856,813,778,37.5000,1.9321
856,813,844,35.0000,1.9111
857,805,724,80.0000,1.9146
857,805,808,37.5000,1.9321
857,805,828,63.0000,1.9391
857,855,832,80.0000,2.1014
858,860,788,37.5000,1.9321
859,806,767,38.0000,2.0665
859,806,779,35.0000,2.0909
860,788,735,80.0000,1.9146
860,788,749,63.0000,1.9391
860,788,789,37.5000,1.9321
861,821,752,37.5000,1.9321
861,821,796,35.0000,1.9111
861,821,852,35.0000,1.9111
862,839,774,63.0000,1.9216
862,839,835,80.0000,1.9146
863,889,860,37.5000,1.9321
864,807,765,80.0000,2.1991
864,807,793,70.0000,2.0420
865,812,773,80.0000,1.9146
865,812,775,35.0000,1.9111
865,812,850,63.0000,1.9216
866,881,811,37.5000,1.9321
867,828,804,80.0000,2.1450
867,828,805,80.0000,2.1014
869,879,834,35.0000,2.0909
870,823,760,37.5000,1.9321
870,823,801,37.5000,1.9321
870,823,836,33.0000,1.8815
871,872,855,35.0000,2.0909
872,855,832,80.0000,2.1450
872,855,857,70.0000,2.0351
873,878,810,37.5000,1.9321
875,819,786,35.0000,1.9111
875,819,791,37.5000,1.9321
875,819,804,35.0000,1.9111
876,878,810,63.0000,1.9391
876,878,873,35.0000,1.9111
877,888,865,80.0000,2.1450
878,810,734,58.3500,1.9670
878,810,818,37.5000,1.9321
878,810,820,37.5000,1.9321
878,876,841,80.0000,2.1014
879,834,771,70.0000,2.0351
879,834,842,80.0000,2.1450
880,865,812,38.0000,2.0665
881,811,767,58.3500,1.9670
881,811,782,37.5000,1.9321
881,811,830,37.5000,1.9321
882,900,868,33.0000,1.8815
883,839,774,35.0000,1.9111
883,839,835,37.5000,1.9321
883,839,862,35.0000,1.9111
884,833,797,33.0000,1.8815
884,833,799,37.5000,1.9321
884,833,848,33.0000,1.8815
885,872,855,35.0000,2.0909
885,872,871,35.0000,2.0944
886,891,829,38.0000,2.0665
888,865,812,50.0000,2.1276
888,865,880,35.0000,2.0909
889,860,788,58.3500,1.9670
889,860,858,37.5000,1.9321
890,915,881,80.0000,2.1014
891,829,779,63.0000,1.9216
891,829,792,80.0000,1.9146
891,829,843,35.0000,1.9111
892,889,860,37.5000,1.9321
892,889,863,33.0000,1.8815
893,904,860,37.5000,1.9321
894,897,835,37.5000,1.9321
896,852,821,80.0000,2.1014
896,852,827,80.0000,2.1450
897,835,783,50.0000,1.9111
897,835,822,37.5000,1.9321
897,835,839,58.3500,1.9670
898,846,791,70.0000,2.2445
898,846,851,85.0000,1.8570
898,919,895,35.0000,2.0944
900,934,888,63.0000,1.9391
900,937,899,50.0000,2.0019
901,851,815,35.0000,2.1223
901,851,846,70.0000,1.8972
901,931,898,70.0000,1.8221
902,844,796,80.0000,2.1450
902,844,813,80.0000,2.1014
903,904,860,37.5000,1.9321
903,904,893,33.0000,1.8815
904,860,788,58.3500,1.9670
904,860,858,37.5000,1.9321
904,860,889,58.3500,1.9670
905,881,811,37.5000,1.9321
905,881,866,33.0000,1.8815
906,857,805,37.5000,1.9321
906,857,854,33.0000,1.8815
906,857,855,35.0000,1.9111
907,838,798,37.5000,1.9321
907,838,826,37.5000,1.9321
907,838,831,37.5000,1.9321
907,921,887,37.5000,1.9321
908,876,841,80.0000,2.1450
908,876,878,70.0000,2.0351
908,916,874,35.0000,1.9111
909,907,838,37.5000,1.9321
911,850,812,70.0000,2.0351
911,850,817,80.0000,2.1450
913,897,835,37.5000,1.9321
913,897,894,33.0000,1.8815
914,901,851,35.0000,2.0944
915,881,811,63.0000,1.9391
915,881,866,35.0000,1.9111
915,881,905,35.0000,1.9111
916,908,876,50.0000,2.1276
916,939,912,37.5000,1.9321
917,862,824,35.0000,2.0909
917,862,839,50.0000,2.1276
917,929,879,63.0000,1.9216
918,921,887,33.0000,1.8815
918,921,907,37.5000,1.9321
919,898,846,85.0000,2.3544
920,853,801,63.0000,1.9391
920,853,827,63.0000,1.9216
920,853,849,35.0000,1.9111
920,936,910,35.0000,2.0909
921,907,838,58.3500,1.9670
921,907,909,37.5000,1.9321
922,942,911,35.0000,1.9111
925,930,878,38.0000,2.0665
927,908,876,35.0000,2.0909
927,908,916,38.0000,2.0665
928,911,850,35.0000,2.0909
929,879,834,50.0000,2.1276
929,879,869,38.0000,2.0665
929,917,862,70.0000,2.0351
930,878,810,80.0000,1.9146
930,878,873,35.0000,1.9111
930,878,876,63.0000,1.9216
931,898,846,85.0000,1.8989
931,898,919,85.0000,2.0281
931,901,851,70.0000,1.9478
931,901,914,35.0000,2.1485
932,945,907,37.5000,1.9321
933,889,860,37.5000,1.9321
933,889,863,33.0000,1.8815
933,889,892,33.0000,1.8815
934,888,865,70.0000,2.0351
934,888,877,80.0000,2.1014
934,900,868,37.5000,1.9321
934,900,882,37.5000,1.9321
935,897,835,37.5000,1.9321
935,897,894,33.0000,1.8815
935,897,913,33.0000,1.8815
936,920,853,70.0000,2.0351
937,900,868,37.5000,1.9321
937,900,882,37.5000,1.9321
937,900,934,58.3500,1.9670
938,955,899,35.0000,1.9111
939,916,874,37.5000,1.9321
939,916,908,80.0000,1.9146
939,953,923,37.5000,1.9321
940,951,916,80.0000,2.1014
941,891,829,50.0000,2.1276
941,891,886,35.0000,2.0909
942,911,850,50.0000,2.1276
942,911,928,38.0000,2.0665
943,904,860,37.5000,1.9321
943,904,893,33.0000,1.8815
943,904,903,33.0000,1.8815
944,929,879,35.0000,1.9111
944,929,917,35.0000,1.9111
945,907,838,58.3500,1.9670
945,907,909,37.5000,1.9321
945,907,921,58.3500,1.9670
947,920,853,80.0000,2.1014
947,920,936,80.0000,2.1450
948,945,907,37.5000,1.9321
948,945,932,33.0000,1.8815
949,970,929,37.5000,1.9321
951,916,874,35.0000,1.9111
951,916,908,63.0000,1.9216
951,916,939,63.0000,1.9391
952,941,891,80.0000,2.1450
953,939,912,37.5000,1.9321
953,939,916,58.3500,1.9670
954,917,862,80.0000,2.1450
954,917,929,80.0000,2.1014
955,899,937,62.0000,1.7261
956,934,888,35.0000,1.9111
956,934,900,37.5000,1.9321
957,921,887,33.0000,1.8815
957,921,907,37.5000,1.9321
957,921,918,33.0000,1.8815
958,968,934,38.0000,2.0665
959,937,899,35.0000,1.9111
959,937,900,37.5000,1.9321
961,962,953,70.0000,2.0420
962,953,923,35.0000,1.9111
962,953,939,63.0000,1.9391
965,919,895,35.0000,2.0944
965,919,898,63.0000,2.0944
967,942,911,63.0000,1.9216
967,942,922,35.0000,1.9111
967,976,966,35.0000,2.0909
968,934,888,63.0000,1.9216
968,934,900,80.0000,1.9146
968,934,956,35.0000,1.9111
969,915,881,70.0000,2.0351
969,915,890,80.0000,2.1450
970,929,879,80.0000,1.9146
970,929,917,63.0000,1.9391
970,929,944,37.5000,1.9321
970,991,946,37.5000,1.9321
973,971,926,33.0000,1.8815
974,937,899,35.0000,1.9111
974,937,900,37.5000,1.9321
974,937,959,33.0000,1.8815
976,967,942,70.0000,2.0351
976,994,941,63.0000,1.9216
977,962,953,70.0000,2.0420
977,962,961,80.0000,2.1991
978,997,942,50.0000,1.9111
979,1000,964,35.0000,1.9111
980,967,942,80.0000,2.1014
980,967,976,80.0000,2.1450
982,931,898,85.0000,2.1415
982,931,901,70.0000,2.3178
982,999,965,63.0000,2.0944
983,955,899,35.0000,1.9111
983,955,938,33.0000,1.8815
984,939,912,33.0000,1.8815
984,939,916,37.5000,1.9321
984,939,953,37.5000,1.9321
985,971,926,33.0000,1.8815
985,971,973,33.0000,1.8815
987,1001,960,33.0000,1.8815
988,930,878,50.0000,2.1276
988,930,925,35.0000,2.0909
989,965,919,35.0000,2.0944
990,988,930,80.0000,2.1450
991,970,929,58.3500,1.9670
991,970,949,37.5000,1.9321
992,969,915,35.0000,2.0909
993,955,899,35.0000,1.9111
993,955,938,33.0000,1.8815
993,955,983,33.0000,1.8815
994,941,891,70.0000,2.0351
994,941,952,80.0000,2.1014
994,976,966,38.0000,2.0665
994,976,967,50.0000,2.1276
994,1015,981,37.5000,1.9321
995,969,915,35.0000,2.0909
995,969,992,35.0000,2.0944
996,953,923,33.0000,1.8815
996,953,939,37.5000,1.9321
996,953,962,35.0000,1.9111
997,942,911,80.0000,1.9146
997,942,922,37.5000,1.9321
997,942,967,63.0000,1.9391
997,978,950,55.0000,1.8937
998,936,910,38.0000,2.0665
998,936,920,50.0000,2.1276
998,1000,964,50.0000,1.9111
998,1000,979,37.5000,1.9321
999,965,919,63.0000,2.0944
999,965,989,35.0000,2.0944
999,982,931,85.0000,2.0944
1000,964,924,55.0000,1.8937
1000,998,936,80.0000,1.9146
1001,1017,986,35.0000,1.9111
1002,951,916,70.0000,2.0351
1002,951,940,80.0000,2.1450
1004,982,931,35.0000,2.0944
1004,982,999,35.0000,2.0944
1005,1002,951,35.0000,2.0909
1006,1018,971,37.5000,1.9321
1007,968,934,50.0000,2.1276
1007,968,958,35.0000,2.0909
1007,1039,1002,63.0000,1.9216
1008,1009,945,80.0000,1.9146
1009,945,907,58.3500,1.9670
1009,945,932,37.5000,1.9321
1009,945,948,37.5000,1.9321
1009,1008,972,38.0000,2.0665
1010,970,929,37.5000,1.9321
1010,970,949,33.0000,1.8815
1010,970,991,37.5000,1.9321
1012,1018,971,58.3500,1.9670
1012,1018,1006,37.5000,1.9321
1012,1030,1011,37.5000,1.9321
1013,991,946,33.0000,1.8815
1013,991,970,37.5000,1.9321
1014,998,936,35.0000,1.9111
1014,998,1000,37.5000,1.9321
1015,994,941,63.0000,1.9391
1015,994,976,80.0000,1.9146
1016,1036,998,70.0000,2.0351
1016,1043,1012,80.0000,1.9146
1017,1001,960,35.0000,1.9111
1017,1001,987,35.0000,1.9111
1018,971,926,37.5000,1.9321
1018,971,973,37.5000,1.9321
1018,971,985,37.5000,1.9321
1018,1012,963,37.5000,1.9321
1019,1033,1003,33.0000,1.8815
1020,997,942,37.5000,1.9321
1020,997,978,35.0000,1.9111
1021,1007,968,80.0000,2.1450
1022,1040,997,37.5000,1.9321
1024,991,946,35.0000,1.9111
1024,991,970,63.0000,1.9391
1024,991,1013,35.0000,1.9111
1025,1030,1011,33.0000,1.8815
1025,1030,1012,37.5000,1.9321
1026,1034,988,35.0000,1.9111
1027,1009,945,37.5000,1.9321
1027,1009,1008,35.0000,1.9111
1028,994,941,35.0000,1.9111
1028,994,976,35.0000,1.9111
1028,994,1015,37.5000,1.9321
1029,1017,986,35.0000,1.9111
1029,1017,1001,35.0000,1.9111
1030,1012,963,37.5000,1.9321
1030,1012,1018,58.3500,1.9670
1031,999,965,35.0000,2.0944
1031,999,982,35.0000,2.0944
1032,1024,991,70.0000,2.0420
1033,1045,1001,58.3500,1.9670
1034,988,930,70.0000,2.0351
1034,988,990,80.0000,2.1014
1034,1050,1023,37.5000,1.9321
1035,1015,981,33.0000,1.8815
1035,1015,994,37.5000,1.9321
1036,998,936,63.0000,1.9216
1036,998,1000,63.0000,1.9391
1036,998,1014,35.0000,1.9111
1036,1016,975,35.0000,2.0909
1037,1024,991,70.0000,2.0420
1037,1024,1032,80.0000,2.1991
1039,1002,951,50.0000,2.1276
1039,1002,1005,38.0000,2.0665
1039,1007,968,70.0000,2.0351
1039,1007,1021,80.0000,2.1014
1040,997,942,58.3500,1.9670
1040,997,978,50.0000,1.9111
1040,997,1020,37.5000,1.9321
1042,1015,981,33.0000,1.8815
1042,1015,994,37.5000,1.9321
1042,1015,1035,33.0000,1.8815
1043,1012,963,37.5000,1.9321
1043,1012,1018,58.3500,1.9670
1043,1012,1030,58.3500,1.9670
1043,1016,975,38.0000,2.0665
1043,1016,1036,50.0000,2.1276
1043,1047,1008,70.0000,2.0351
1044,1017,986,35.0000,1.9111
1044,1017,1001,35.0000,1.9111
1044,1017,1029,35.0000,1.9111
1045,1001,960,37.5000,1.9321
1045,1001,987,37.5000,1.9321
1045,1001,1017,80.0000,1.9408
1045,1033,1003,37.5000,1.9321
1045,1033,1019,37.5000,1.9321
1046,1009,945,63.0000,1.9391
1046,1009,1008,63.0000,1.9216
1046,1009,1027,35.0000,1.9111
1046,1054,1038,35.0000,2.0909
1047,1008,972,35.0000,2.0909
1047,1008,1009,50.0000,2.1276
1047,1043,1012,63.0000,1.9391
1047,1043,1016,63.0000,1.9216
1048,1039,1002,35.0000,1.9111
1048,1039,1007,35.0000,1.9111
1049,1051,1000,37.5000,1.9321
1050,1034,988,63.0000,1.9391
1050,1034,1026,37.5000,1.9321
1051,1000,964,50.0000,1.9111
1051,1000,979,37.5000,1.9321
1051,1000,998,58.3500,1.9670
1052,1018,971,37.5000,1.9321
1052,1018,1006,33.0000,1.8815
1052,1018,1012,37.5000,1.9321
1054,1046,1009,70.0000,2.0351
1055,1050,1023,35.0000,1.9111
1055,1050,1034,50.0000,1.9111
1056,1040,997,37.5000,1.9321
1056,1040,1022,33.0000,1.8815
1057,1073,1053,33.0000,1.8815
1058,1045,1001,37.5000,1.9321
1058,1045,1033,37.5000,1.9321
1059,1040,997,37.5000,1.9321
1059,1040,1022,33.0000,1.8815
1059,1040,1056,33.0000,1.8815
1061,1046,1009,80.0000,2.1014
1061,1046,1054,80.0000,2.1450
1062,1071,1033,37.5000,1.9321
1063,1074,1039,37.5000,1.9321
1064,1030,1011,33.0000,1.8815
1064,1030,1012,37.5000,1.9321
1064,1030,1025,33.0000,1.8815
1065,1067,1034,50.0000,2.1276
1066,1051,1000,37.5000,1.9321
1066,1051,1049,33.0000,1.8815
1067,1034,988,63.0000,1.9216
1067,1034,1026,35.0000,1.9111
1067,1034,1050,80.0000,1.9146
1067,1065,1041,80.0000,2.1450
1068,1051,1000,37.5000,1.9321
1068,1051,1049,33.0000,1.8815
1068,1051,1066,33.0000,1.8815
1069,1045,1001,37.5000,1.9321
1069,1045,1033,37.5000,1.9321
1069,1045,1058,33.0000,1.8815
1070,1036,998,80.0000,2.1014
1070,1036,1016,80.0000,2.1450
1071,1033,1003,37.5000,1.9321
1071,1033,1019,37.5000,1.9321
1071,1033,1045,58.3500,1.9670
1071,1078,1054,80.0000,1.9146
1072,1043,1012,37.5000,1.9321
1072,1043,1016,35.0000,1.9111
1072,1043,1047,35.0000,1.9111
1074,1039,1002,80.0000,1.9146
1074,1039,1007,63.0000,1.9391
1074,1039,1048,37.5000,1.9321
1075,1055,1050,55.0000,1.8937
1076,1047,1008,80.0000,2.1450
1076,1047,1043,80.0000,2.1014
1077,1078,1054,35.0000,1.9111
1077,1078,1071,37.5000,1.9321
1078,1054,1038,38.0000,2.0665
1078,1054,1046,50.0000,2.1276
1078,1071,1033,58.3500,1.9670
1078,1071,1062,37.5000,1.9321
1079,1085,1060,33.0000,1.8815
1080,1073,1053,33.0000,1.8815
1080,1073,1057,33.0000,1.8815
1081,1083,1050,37.5000,1.9321
1082,1074,1039,37.5000,1.9321
1082,1074,1063,33.0000,1.8815
1083,1050,1023,37.5000,1.9321
1083,1050,1034,58.3500,1.9670
1083,1050,1055,50.0000,1.9111
1085,1094,1065,63.0000,1.9391
1087,1067,1034,38.0000,2.0665
1087,1067,1065,35.0000,2.0909
1090,1083,1050,37.5000,1.9321
1090,1083,1081,33.0000,1.8815
1091,1097,1074,37.5000,1.9321
1092,1098,1073,37.5000,1.9321
1093,1071,1033,37.5000,1.9321
1093,1071,1062,33.0000,1.8815
1093,1071,1078,37.5000,1.9321
1094,1065,1041,80.0000,2.1014
1094,1065,1067,70.0000,2.0351
1094,1085,1060,37.5000,1.9321
1094,1085,1079,37.5000,1.9321
1094,1099,1088,38.0000,2.0665
1097,1074,1039,58.3500,1.9670
1097,1074,1063,37.5000,1.9321
1097,1074,1082,37.5000,1.9321
1098,1073,1053,37.5000,1.9321
1098,1073,1057,37.5000,1.9321
1098,1073,1080,37.5000,1.9321
1098,1113,1096,37.5000,1.9321
1099,1094,1065,63.0000,1.9216
1099,1094,1085,80.0000,1.9146
1100,1085,1060,33.0000,1.8815
1100,1085,1079,33.0000,1.8815
1100,1085,1094,37.5000,1.9321
1101,1083,1050,37.5000,1.9321
1101,1083,1081,33.0000,1.8815
1101,1083,1090,33.0000,1.8815
1103,1105,1089,33.0000,1.8815
1104,1116,1102,35.0000,1.9111
1105,1108,1086,37.5000,1.9321
1107,1118,1098,37.5000,1.9321
1108,1105,1089,37.5000,1.9321
1108,1105,1103,37.5000,1.9321
1108,1121,1104,70.0000,2.0351
1109,1097,1074,37.5000,1.9321
1109,1097,1091,33.0000,1.8815
1110,1078,1054,63.0000,1.9216
1110,1078,1071,63.0000,1.9391
1110,1078,1077,35.0000,1.9111
1110,1115,1095,35.0000,2.0909
1112,1094,1065,35.0000,1.9111
1112,1094,1085,37.5000,1.9321
1112,1094,1099,35.0000,1.9111
1113,1098,1073,58.3500,1.9670
1113,1098,1092,37.5000,1.9321
1114,1120,1097,70.0000,2.0420
1115,1110,1078,70.0000,2.0351
1116,1104,1084,38.0000,2.0665
1116,1117,1099,70.0000,2.0351
1117,1099,1088,35.0000,2.0909
1117,1099,1094,50.0000,2.1276
1117,1116,1102,35.0000,1.9111
1117,1116,1104,63.0000,1.9216
1118,1098,1073,58.3500,1.9670
1118,1098,1092,37.5000,1.9321
1118,1098,1113,58.3500,1.9670
1119,1113,1096,33.0000,1.8815
1119,1113,1098,37.5000,1.9321
1120,1097,1074,63.0000,1.9391
1120,1097,1091,35.0000,1.9111
1120,1097,1109,35.0000,1.9111
1121,1104,1084,35.0000,2.0909
1121,1104,1116,50.0000,2.1276
1121,1108,1086,35.0000,1.9111
1121,1108,1105,63.0000,1.9391
1122,1123,1108,50.0000,2.1276
1123,1108,1086,35.0000,1.9111
1123,1108,1105,80.0000,1.9146
1123,1108,1121,63.0000,1.9216
1123,1122,1106,80.0000,2.1450
1126,1118,1098,37.5000,1.9321
1126,1118,1107,33.0000,1.8815
1127,1110,1078,80.0000,2.1014
1127,1110,1115,80.0000,2.1450
1128,1139,1123,35.0000,1.9111
1129,1138,1124,33.0000,1.8815
1130,1140,1113,80.0000,1.9146
1131,1133,1105,37.5000,1.9321
1132,1117,1099,80.0000,2.1450
1132,1117,1116,80.0000,2.1014
1133,1105,1089,37.5000,1.9321
1133,1105,1103,37.5000,1.9321
1133,1105,1108,58.3500,1.9670
1133,1139,1123,80.0000,1.9146
1133,1139,1128,37.5000,1.9321
1134,1118,1098,37.5000,1.9321
1134,1118,1107,33.0000,1.8815
1134,1118,1126,33.0000,1.8815
1135,1142,1122,35.0000,1.9111
1136,1116,1102,33.0000,1.8815
1136,1116,1104,35.0000,1.9111
1136,1116,1117,35.0000,1.9111
1137,1142,1122,63.0000,1.9216
1137,1142,1135,35.0000,1.9111
1138,1141,1115,80.0000,1.9146
1139,1123,1108,50.0000,2.0595
1139,1123,1122,50.0000,2.1276
1139,1133,1105,58.3500,1.9670
1139,1133,1131,37.5000,1.9321
1140,1113,1096,37.5000,1.9321
1140,1113,1098,58.3500,1.9670
1140,1113,1119,37.5000,1.9321
1140,1130,1111,38.0000,2.0665
1140,1145,1137,70.0000,2.0351
1141,1115,1095,38.0000,2.0665
1141,1115,1110,50.0000,2.1276
1141,1138,1124,37.5000,1.9321
1141,1138,1129,37.5000,1.9321
1141,1147,1130,70.0000,2.0351
1142,1122,1106,80.0000,2.1014
1142,1122,1123,70.0000,2.0351
1142,1137,1125,38.0000,2.0665
1143,1120,1097,70.0000,2.0420
1143,1120,1114,80.0000,2.1991
1144,1121,1104,80.0000,2.1450
1144,1121,1108,80.0000,2.1014
1145,1137,1125,35.0000,2.0909
1145,1137,1142,50.0000,2.1276
1145,1140,1113,63.0000,1.9391
1145,1140,1130,63.0000,1.9216
1146,1133,1105,37.5000,1.9321
1146,1133,1131,33.0000,1.8815
1146,1133,1139,37.5000,1.9321
1147,1130,1111,35.0000,2.0909
1147,1130,1140,50.0000,2.1276
1147,1141,1115,63.0000,1.9216
1147,1141,1138,63.0000,1.9391
1148,1140,1113,37.5000,1.9321
1148,1140,1130,35.0000,1.9111
1148,1140,1145,35.0000,1.9111
1149,1141,1115,35.0000,1.9111
1149,1141,1138,37.5000,1.9321
1149,1141,1147,35.0000,1.9111
1150,1138,1124,33.0000,1.8815
1150,1138,1129,33.0000,1.8815
1150,1138,1141,37.5000,1.9321
1151,1139,1123,35.0000,1.9111
1151,1139,1128,33.0000,1.8815
1151,1139,1133,37.5000,1.9321
1152,1142,1122,35.0000,1.9111
1152,1142,1135,33.0000,1.8815
1152,1142,1137,35.0000,1.9111
1153,1145,1137,80.0000,2.1450
1153,1145,1140,80.0000,2.1014
1154,1147,1130,80.0000,2.1450
1154,1147,1141,80.0000,2.1014
