ID,x,y,z,sigma,epsilon,charge,Rvdw,volume,AA,PDB
0,2.1930,-5.4120,24.4080,0.5000,0.0300,0.3300,1.2900,2.7023,LYS23,HZ3
1,2.9000,-3.9260,6.9690,2.5000,0.0300,0.0600,1.2500,3.0627,ACE0,1H
2,3.1490,-5.0950,24.3170,3.2500,0.1700,-0.3000,1.8500,17.4537,LYS23,NZ
3,3.1590,-4.0920,24.2010,0.5000,0.0300,0.3300,1.2900,2.7023,LYS23,HZ2
4,3.1830,-5.4830,22.2590,2.5000,0.0300,0.0600,1.2500,2.8676,LYS23,HE2
5,3.2970,-7.1450,15.2020,2.5000,0.0300,0.0600,1.2500,3.0627,ALA27,HB1
6,3.6640,-5.3410,25.1500,0.5000,0.0300,0.3300,1.2900,2.7023,LYS23,HZ1
7,3.7200,-6.8160,23.2660,2.5000,0.0300,0.0600,1.2500,2.8676,LYS23,HE3
8,3.7500,-15.1030,12.0180,0.5000,0.0300,0.3800,1.2075,3.2596,GLN29,HE22
9,3.7650,-2.7740,5.9460,2.5000,0.0300,0.0600,1.2500,3.0627,ACE0,2H
10,3.7700,-5.7330,23.1440,3.5000,0.0660,0.1900,1.8250,12.5888,LYS23,CE
11,3.8860,-3.6320,6.6070,3.5000,0.0660,-0.1800,1.8000,15.3899,ACE0,CH3
12,4.0570,-7.2790,16.7800,2.5000,0.0300,0.0600,1.2500,3.0627,ALA27,HB2
13,4.1830,-9.4640,15.5530,2.5000,0.0300,0.0600,1.2500,2.8676,ALA27,HA
14,4.2440,-0.3060,10.7780,2.5000,0.0300,0.0600,1.2500,3.0627,SER2,HB3
15,4.2490,-7.3100,15.7070,3.5000,0.0660,-0.1800,1.8000,15.6759,ALA27,CB
16,4.2700,-9.1800,13.0390,2.9600,0.2100,-0.5000,1.4900,7.8762,ALA27,O
17,4.3000,-4.4590,6.0300,2.5000,0.0300,0.0600,1.2500,3.0627,ACE0,3H
18,4.3280,-14.2230,13.4190,0.5000,0.0300,0.3800,1.2075,3.2596,GLN29,HE21
19,4.3450,-14.3960,12.4250,3.2500,0.1700,-0.7600,1.6400,10.0211,GLN29,NE2
20,4.4260,-3.4360,8.9300,2.9600,0.2100,-0.5000,1.4900,7.8762,ACE0,O
21,4.4760,0.9080,12.0150,2.5000,0.0300,0.0600,1.2500,3.0627,SER2,HB2
22,4.8080,-3.2840,7.7700,3.7500,0.1050,0.5000,1.8500,15.1743,ACE0,C
23,4.8570,-1.0060,12.6120,3.1200,0.1700,-0.6830,1.5400,9.1698,SER2,OG
24,4.8710,-8.6550,15.2970,3.5000,0.0660,0.1400,1.8250,10.6390,ALA27,CA
25,4.8930,-0.0110,11.6030,3.5000,0.0660,0.1450,1.8000,13.9347,SER2,CB
26,4.9010,-6.4690,15.4660,2.5000,0.0300,0.0600,1.2500,3.0627,ALA27,HB3
27,5.0970,-8.6460,13.7750,3.7500,0.1050,0.5000,1.8500,14.9186,ALA27,C
28,5.1550,-13.6870,11.6360,3.7500,0.1050,0.5000,1.8500,14.7997,GLN29,CD
29,5.2010,-13.8670,10.4210,2.9600,0.2100,-0.5000,1.4900,7.8762,GLN29,OE1
30,5.2250,-5.2800,22.9640,3.5000,0.0660,-0.1200,1.8000,12.0622,LYS23,CD
31,5.2430,-1.7980,12.2660,0.5000,0.0300,0.4180,1.2075,3.6812,SER2,HG
32,5.2590,-4.1950,22.8610,2.5000,0.0300,0.0600,1.2500,3.0627,LYS23,HD3
33,5.2820,3.7110,11.2620,2.9600,0.2100,-0.8000,1.6000,10.5947,ASP5,OD2
34,5.3020,-5.6940,20.8550,2.5000,0.0300,0.0600,1.2500,3.0627,LYS23,HG2
35,5.3230,5.4550,13.7750,2.5000,0.0300,0.0600,1.2500,3.0627,ASP5,HB3
36,5.5000,-11.6850,12.2970,2.5000,0.0300,0.0600,1.2500,3.0627,GLN29,HG3
37,5.6530,4.7900,11.7730,3.7500,0.1050,0.7000,1.8750,15.1592,ASP5,CG
38,5.7710,5.8790,11.1700,2.9600,0.2100,-0.8000,1.6000,10.5947,ASP5,OD1
39,5.7940,3.7820,13.6600,2.5000,0.0300,0.0600,1.2500,3.0627,ASP5,HB2
40,5.7980,-5.5220,23.8600,2.5000,0.0300,0.0600,1.2500,3.0627,LYS23,HD2
41,5.7990,-7.9710,11.2520,2.5000,0.0300,0.0600,1.2500,2.8676,GLU28,HA
42,5.8050,0.7580,17.2610,2.5000,0.0300,0.0600,1.2500,3.0627,ILE6,HD11
43,5.8800,-7.0110,21.8490,2.5000,0.0300,0.0600,1.2500,3.0627,LYS23,HG3
44,5.8930,-5.9260,21.7410,3.5000,0.0660,-0.1200,1.8000,12.3080,LYS23,CG
45,6.0070,4.7760,13.2640,3.5000,0.0660,-0.2200,1.8000,11.2680,ASP5,CB
46,6.0220,-2.8160,7.4440,3.2500,0.1700,-0.5000,1.6000,5.1176,THR1,N
47,6.0360,-12.6340,12.3140,3.5000,0.0660,-0.1200,1.8000,11.7762,GLN29,CG
48,6.0630,2.0390,22.3730,2.5000,0.0300,0.0600,1.2500,2.8676,ARG20,HD2
49,6.0950,2.1660,24.1090,2.5000,0.0300,0.0600,1.2500,2.8676,ARG20,HD3
50,6.1210,-8.8240,16.0390,3.2500,0.1700,-0.5000,1.6000,5.1176,ALA27,N
51,6.1700,-12.8970,13.3640,2.5000,0.0300,0.0600,1.2500,3.0627,GLN29,HG2
52,6.1720,-5.4380,10.9160,2.5000,0.0300,0.0600,1.2500,3.0627,GLU28,HG2
53,6.2280,-8.0830,13.3150,3.2500,0.1700,-0.5000,1.6000,5.1176,GLU28,N
54,6.2430,-5.4440,12.6600,2.5000,0.0300,0.0600,1.2500,3.0627,GLU28,HG3
55,6.2440,2.4440,17.4840,2.5000,0.0300,0.0600,1.2500,3.0627,ILE6,HD13
56,6.2530,-2.7310,6.4650,0.5000,0.0300,0.3000,1.2075,3.5497,THR1,H
57,6.2950,1.1080,10.4550,2.5000,0.0300,0.0600,1.2500,2.8676,SER2,HA
58,6.3330,0.2360,11.1090,3.5000,0.0660,0.1400,1.8250,10.6390,SER2,CA
59,6.3780,-4.7300,16.8690,2.5000,0.0300,0.0600,1.2500,2.8676,THR24,HA
60,6.3780,-0.1050,8.2290,2.9600,0.2100,-0.5000,1.4900,7.8762,THR1,O
61,6.4030,-11.0430,15.6880,2.9600,0.2100,-0.5000,1.4900,7.8762,ARG26,O
62,6.4650,-0.1530,23.4450,2.5000,0.0300,0.0600,1.2500,3.0627,ARG20,HG2
63,6.5010,-8.0010,16.4830,0.5000,0.0300,0.3000,1.2075,3.5497,ALA27,H
64,6.5960,-2.9270,14.8180,2.5000,0.0300,0.0600,1.2500,3.0627,THR24,HG23
65,6.5990,-6.6970,18.6610,2.9600,0.2100,-0.5000,1.4900,7.8762,LYS23,O
66,6.6170,1.4230,17.5570,3.5000,0.0660,-0.1800,1.8000,15.9217,ILE6,CD1
67,6.6610,-8.0660,11.9160,3.5000,0.0660,0.1400,1.8250,10.6390,GLU28,CA
68,6.7040,-1.0290,8.9750,3.7500,0.1050,0.5000,1.8500,14.9186,THR1,C
69,6.7210,1.9640,23.2390,3.5000,0.0660,0.1900,1.8250,14.6034,ARG20,CD
70,6.7740,-0.9100,10.3090,3.2500,0.1700,-0.5000,1.6000,5.1176,SER2,N
71,6.7820,-9.9860,16.1910,3.7500,0.1050,0.5000,1.8500,14.9186,ARG26,C
72,6.8190,2.8920,20.8110,0.5000,0.0300,0.4600,1.2075,3.2596,ARG20,HH11
73,6.8370,-7.6290,13.9830,0.5000,0.0300,0.3000,1.2075,3.5497,GLU28,H
74,6.8410,1.2150,18.6040,2.5000,0.0300,0.0600,1.2500,3.0627,ILE6,HD12
75,6.8580,-5.5070,11.7610,3.5000,0.0660,-0.2200,1.8000,11.5138,GLU28,CG
76,6.9520,-2.2770,17.4040,3.1200,0.1700,-0.6830,1.4700,7.3296,THR24,OG1
77,6.9690,-10.9240,18.6280,2.5000,0.0300,0.0600,1.2500,3.0627,ARG26,HB3
78,7.0350,1.5300,13.0060,2.9600,0.2100,-0.5000,1.4900,7.8762,SER2,O
79,7.0380,-1.7380,10.8360,0.5000,0.0300,0.3000,1.2075,3.5497,SER2,H
80,7.0580,-2.4150,8.3980,3.5000,0.0660,0.1400,1.8250,10.6390,THR1,CA
81,7.1100,-3.1480,9.2020,2.5000,0.0300,0.0600,1.2500,2.8676,THR1,HA
82,7.1530,-9.2060,18.8150,2.5000,0.0300,0.0600,1.2500,3.0627,ARG26,HB2
83,7.1920,-2.3640,18.3150,0.5000,0.0300,0.4180,1.2075,4.1855,THR24,HG1
84,7.2230,-3.1780,11.9820,2.9600,0.2100,-0.8000,1.6000,10.5947,GLU28,OE2
85,7.2930,-12.1580,10.6050,2.5000,0.0300,0.0600,1.2500,3.0627,GLN29,HB2
86,7.2970,0.5450,23.3530,3.5000,0.0660,-0.0500,1.8000,12.0622,ARG20,CG
87,7.3020,5.7960,15.8740,2.9600,0.2100,-0.5000,1.4900,7.8762,ASP5,O
88,7.3280,0.6350,12.2130,3.7500,0.1050,0.5000,1.8500,14.9186,SER2,C
89,7.3450,-5.4490,21.5480,3.5000,0.0660,-0.1200,1.8000,12.0622,LYS23,CB
90,7.3570,-4.3700,21.3860,2.5000,0.0300,0.0600,1.2500,3.0627,LYS23,HB3
91,7.4140,-12.4830,11.6380,3.5000,0.0660,-0.1200,1.8000,12.0622,GLN29,CB
92,7.4220,-9.3550,11.5390,3.7500,0.1050,0.5000,1.8500,14.9186,GLU28,C
93,7.4570,-4.5850,16.9560,3.5000,0.0660,0.1400,1.8250,10.6390,THR24,CA
94,7.4590,-5.9150,19.0630,3.7500,0.1050,0.5000,1.8500,14.9186,LYS23,C
95,7.4730,5.1800,13.5650,3.5000,0.0660,0.1400,1.8250,10.6390,ASP5,CA
96,7.4870,-9.1320,23.0470,0.5000,0.0300,0.4600,1.2075,3.2596,ARG26,HH11
97,7.5390,-5.9270,14.9680,2.9600,0.2100,-0.5000,1.4900,7.8762,THR24,O
98,7.5390,3.5870,20.9390,3.2500,0.1700,-0.8000,1.6400,9.7749,ARG20,NH1
99,7.5490,1.3670,15.6220,2.5000,0.0300,0.0600,1.2500,3.0627,ILE6,HG12
100,7.5970,0.3330,21.2370,2.5000,0.0300,0.0600,1.2500,3.0627,ARG20,HB3
101,7.6000,-2.6870,15.1690,3.5000,0.0660,-0.1800,1.8000,15.9217,THR24,CG2
102,7.6050,-6.8590,11.7160,3.5000,0.0660,-0.1200,1.8000,12.0622,GLU28,CB
103,7.6080,6.2390,13.3340,2.5000,0.0300,0.0600,1.2500,2.8676,ASP5,HA
104,7.6110,-9.6090,10.3500,2.9600,0.2100,-0.5000,1.4900,7.8762,GLU28,O
105,7.6440,-9.8610,13.4740,0.5000,0.0300,0.3000,1.2075,3.5497,GLN29,H
106,7.6490,-9.5270,21.0280,2.5000,0.0300,0.0600,1.2500,2.8676,ARG26,HD2
107,7.6810,-10.1060,18.5030,3.5000,0.0660,-0.1200,1.8000,12.0622,ARG26,CB
108,7.6810,-1.9660,22.2720,2.5000,0.0300,0.0600,1.2500,2.8676,ARG20,HA
109,7.7210,4.9620,15.0710,3.7500,0.1050,0.5000,1.8500,14.9186,ASP5,C
110,7.7480,-1.6150,15.0380,2.5000,0.0300,0.0600,1.2500,3.0627,THR24,HG21
111,7.7690,-4.2760,11.7390,3.7500,0.1050,0.7000,1.8750,15.1592,GLU28,CD
112,7.7730,2.9930,23.2020,3.2500,0.1700,-0.7000,1.6400,6.0721,ARG20,NE
113,7.8020,-3.1060,16.6360,3.5000,0.0660,0.2050,1.8000,10.8157,THR24,CB
114,7.8070,4.1770,20.1650,0.5000,0.0300,0.4600,1.2075,3.2596,ARG20,HH12
115,7.8310,-10.1700,12.5310,3.2500,0.1700,-0.5000,1.6000,5.1176,GLN29,N
116,7.8420,1.2000,16.6580,3.5000,0.0660,-0.1200,1.8000,12.3080,ILE6,CG1
117,7.8600,0.4490,24.2780,2.5000,0.0300,0.0600,1.2500,3.0627,ARG20,HG3
118,7.8750,-13.4710,11.5820,2.5000,0.0300,0.0600,1.2500,3.0627,GLN29,HB3
119,7.8750,-5.6240,22.4840,2.5000,0.0300,0.0600,1.2500,3.0627,LYS23,HB2
120,7.8830,-4.8710,18.3290,3.2500,0.1700,-0.5000,1.6000,5.1176,THR24,N
121,8.0460,3.4660,12.4660,0.5000,0.0300,0.3000,1.2075,3.5497,ASP5,H
122,8.0630,3.9110,17.5310,2.5000,0.0300,0.0600,1.2500,2.8676,ILE6,HA
123,8.0820,-9.9690,17.0170,3.5000,0.0660,0.1400,1.8250,10.6390,ARG26,CA
124,8.1060,-6.9350,10.7490,2.5000,0.0300,0.0600,1.2500,3.0627,GLU28,HB3
125,8.1170,3.7390,22.1380,2.2500,0.0500,0.6399,1.8750,15.8976,ARG20,CZ
126,8.1220,0.1480,16.7080,2.5000,0.0300,0.0600,1.2500,3.0627,ILE6,HG13
127,8.1300,-6.1650,20.4300,3.5000,0.0660,0.1400,1.8250,10.6390,LYS23,CA
128,8.1340,-7.2370,20.6290,2.5000,0.0300,0.0600,1.2500,2.8676,LYS23,HA
129,8.1470,-5.5530,15.9670,3.7500,0.1050,0.5000,1.8500,14.9186,THR24,C
130,8.1650,0.1350,22.1480,3.5000,0.0660,-0.1200,1.8000,12.0622,ARG20,CB
131,8.1780,-11.1610,21.3530,2.5000,0.0300,0.0600,1.2500,2.8676,ARG26,HD3
132,8.2560,3.1730,24.0760,0.5000,0.0300,0.4400,1.2075,3.2596,ARG20,HE
133,8.2750,-8.2760,24.3450,0.5000,0.0300,0.4600,1.2075,3.2596,ARG26,HH12
134,8.3130,-3.1830,14.5110,2.5000,0.0300,0.0600,1.2500,3.0627,THR24,HG22
135,8.3290,-1.7390,6.7570,2.5000,0.0300,0.0600,1.2500,3.0627,THR1,HB
136,8.3310,-8.7740,23.4690,3.2500,0.1700,-0.8000,1.6400,9.7749,ARG26,NH1
137,8.3680,-11.5300,12.4020,3.5000,0.0660,0.1400,1.8250,10.6390,GLN29,CA
138,8.3850,4.3760,12.7470,3.2500,0.1700,-0.5000,1.6000,5.1176,ASP5,N
139,8.3970,-6.8800,12.4670,2.5000,0.0300,0.0600,1.2500,3.0627,GLU28,HB2
140,8.4140,-2.3650,7.6460,3.5000,0.0660,0.2050,1.8000,10.8157,THR1,CB
141,8.4180,-11.9040,13.4250,2.5000,0.0300,0.0600,1.2500,2.8676,GLN29,HA
142,8.4190,3.8760,15.4570,3.2500,0.1700,-0.5000,1.6000,5.1176,ILE6,N
143,8.4940,-10.2070,20.9310,3.5000,0.0660,0.1900,1.8250,14.6034,ARG26,CD
144,8.5120,0.0010,12.2550,3.2500,0.1700,-0.5000,1.6000,5.1176,ILE3,N
145,8.5560,-2.0670,19.8950,2.9600,0.2100,-0.5000,1.4900,7.8762,ARG20,O
146,8.5780,-1.3510,22.1780,3.5000,0.0660,0.1400,1.8250,10.6390,ARG20,CA
147,8.5900,-4.2670,18.7240,0.5000,0.0300,0.3000,1.2075,3.5497,THR24,H
148,8.6180,-7.9510,17.4530,0.5000,0.0300,0.3000,1.2075,3.5497,ARG26,H
149,8.6610,-0.7430,11.5890,0.5000,0.0300,0.3000,1.2075,3.5497,ILE3,H
150,8.7010,-10.8200,16.7260,2.5000,0.0300,0.0600,1.2500,2.8676,ARG26,HA
151,8.7390,3.2430,14.7380,0.5000,0.0300,0.3000,1.2075,3.5497,ILE6,H
152,8.7470,-3.6770,7.2320,3.1200,0.1700,-0.6830,1.4700,7.3296,THR1,OG1
153,8.7720,-3.6580,23.8130,2.9600,0.2100,-0.5000,1.4900,7.8762,ASP19,O
154,8.8080,-8.7080,16.8120,3.2500,0.1700,-0.5000,1.6000,5.1176,ARG26,N
155,8.8270,-2.8870,16.9280,2.5000,0.0300,0.0600,1.2500,3.0627,THR24,HB
156,8.8350,3.5890,16.8300,3.5000,0.0660,0.1400,1.8250,10.6390,ILE6,CA
157,8.8590,-4.2140,8.0020,0.5000,0.0300,0.4180,1.2075,4.1855,THR1,HG1
158,8.8680,-10.3620,19.4460,3.5000,0.0660,-0.0500,1.8000,12.0622,ARG26,CG
159,8.9790,-4.4280,11.4610,2.9600,0.2100,-0.8000,1.6000,10.5947,GLU28,OE1
160,8.9940,2.0800,19.1950,2.5000,0.0300,0.0600,1.2500,3.0627,ILE6,HG23
161,9.0490,0.7730,22.0960,2.5000,0.0300,0.0600,1.2500,3.0627,ARG20,HB2
162,9.0510,5.7200,18.1440,0.5000,0.0300,0.3000,1.2075,3.5497,ARG7,H
163,9.0640,4.6690,22.2840,3.2500,0.1700,-0.8000,1.6250,8.2785,ARG20,NH2
164,9.0800,2.0600,17.0030,3.5000,0.0660,-0.0600,1.8000,8.4485,ILE6,CB
165,9.1160,-3.2360,26.5880,2.5000,0.0300,0.0600,1.2500,3.0627,ASP19,HB3
166,9.1720,0.2230,14.1980,2.5000,0.0300,0.0600,1.2500,2.8676,ILE3,HA
167,9.1860,1.9660,30.3790,2.9600,0.2100,-0.8000,1.6000,10.5947,ASP16,OD1
168,9.1900,2.6400,27.9660,2.5000,0.0300,0.0600,1.2500,3.0627,ASP16,HB3
169,9.2220,3.6900,9.8100,2.5000,0.0300,0.0600,1.2500,3.0627,LEU4,HB2
170,9.2440,-11.3710,19.2730,2.5000,0.0300,0.0600,1.2500,3.0627,ARG26,HG2
171,9.2530,-1.6820,20.8330,3.7500,0.1050,0.5000,1.8500,14.9186,ARG20,C
172,9.2980,12.4880,24.6920,2.5000,0.0300,0.0600,1.2500,2.8676,PRO10,HD2
173,9.3060,-1.7400,32.3600,0.5000,0.0300,0.4600,1.2900,4.6602,ARG15,HH22
174,9.3280,5.2760,21.5160,0.5000,0.0300,0.4600,1.2900,4.6602,ARG20,HH22
175,9.3730,-6.0140,16.2750,3.2500,0.1700,-0.5000,1.6000,5.1176,LEU25,N
176,9.4420,4.8680,23.2070,0.5000,0.0300,0.4600,1.2900,4.6602,ARG20,HH21
177,9.4640,4.5970,25.2960,2.9600,0.2100,-0.8000,1.6000,10.5947,GLU12,OE2
178,9.4790,1.8500,11.1740,0.5000,0.0300,0.3000,1.2075,3.5497,LEU4,H
179,9.4810,-0.8260,8.7790,2.5000,0.0300,0.0600,1.2500,3.0627,THR1,HG22
180,9.4880,-1.5800,23.3060,3.2500,0.1700,-0.5000,1.6000,5.1176,ARG20,N
181,9.5070,-5.6650,20.4500,3.2500,0.1700,-0.5000,1.6000,5.1176,LYS23,N
182,9.5150,-8.9870,22.8770,2.2500,0.0500,0.6399,1.8750,15.8976,ARG26,CZ
183,9.5490,-2.7250,24.0090,3.7500,0.1050,0.5000,1.8500,14.9186,ASP19,C
184,9.5980,-1.8720,8.4950,3.5000,0.0660,-0.1800,1.8000,15.9217,THR1,CG2
185,9.6060,0.2600,13.1990,3.5000,0.0660,0.1400,1.8250,10.6390,ILE3,CA
186,9.6100,-8.4590,15.7590,3.7500,0.1050,0.5000,1.8500,14.9186,LEU25,C
187,9.6120,-9.6540,21.7130,3.2500,0.1700,-0.7000,1.6400,6.0721,ARG26,NE
188,9.6180,6.1480,27.4080,2.5000,0.0300,0.0600,1.2500,3.0627,GLU12,HG3
189,9.6220,1.6830,18.3990,3.5000,0.0660,-0.1800,1.8000,15.9217,ILE6,CG2
190,9.6260,4.7280,12.3710,3.7500,0.1050,0.5000,1.8500,14.9186,LEU4,C
191,9.6530,0.6020,18.5230,2.5000,0.0300,0.0600,1.2500,3.0627,ILE6,HG21
192,9.6600,-4.7530,20.8580,0.5000,0.0300,0.3000,1.2075,3.5497,LYS23,H
193,9.6920,-9.7040,19.1890,2.5000,0.0300,0.0600,1.2500,3.0627,ARG26,HG3
194,9.6950,15.1540,24.0800,2.5000,0.0300,0.0600,1.2500,3.0627,PRO10,HG3
195,9.7020,-2.4600,9.4070,2.5000,0.0300,0.0600,1.2500,3.0627,THR1,HG23
196,9.7210,2.6070,7.6790,2.5000,0.0300,0.0600,1.2500,3.0627,LEU4,HD12
197,9.7380,-1.6060,26.5720,2.5000,0.0300,0.0600,1.2500,3.0627,ASP19,HB2
198,9.7840,9.9910,24.2880,2.5000,0.0300,0.0600,1.2500,2.8676,GLY9,HA3
199,9.8120,-5.6510,17.1090,0.5000,0.0300,0.3000,1.2075,3.5497,LEU25,H
200,9.8300,-11.5600,11.9200,3.7500,0.1050,0.5000,1.8500,14.9186,GLN29,C
201,9.8510,1.7670,16.2910,2.5000,0.0300,0.0600,1.2500,3.0627,ILE6,HB
202,9.8660,12.9950,23.0960,2.5000,0.0300,0.0600,1.2500,2.8676,PRO10,HD3
203,9.8860,8.4040,26.4450,2.5000,0.0300,0.0600,1.2500,3.0627,GLU12,HB2
204,9.8910,6.6060,20.3260,2.9600,0.2100,-0.5000,1.4900,7.8762,ARG7,O
205,9.9030,-9.3330,14.9460,2.9600,0.2100,-0.5000,1.4900,7.8762,LEU25,O
206,9.9060,5.7660,25.3170,3.7500,0.1050,0.7000,1.8750,15.1592,GLU12,CD
207,9.9100,8.1280,17.5200,2.5000,0.0300,0.0600,1.2500,3.0627,ARG7,HB2
208,9.9320,0.9930,25.5610,2.9600,0.2100,-0.5000,1.4900,7.8762,ASP16,O
209,9.9540,14.5020,25.6960,2.5000,0.0300,0.0600,1.2500,3.0627,PRO10,HG2
210,9.9810,5.4890,17.8280,3.2500,0.1700,-0.5000,1.6000,5.1176,ARG7,N
211,9.9900,6.5050,24.3130,2.9600,0.2100,-0.8000,1.6000,10.5947,GLU12,OE1
212,10.0260,-6.8410,14.4500,2.5000,0.0300,0.0600,1.2500,2.8676,LEU25,HA
213,10.0310,-2.6530,26.4740,3.5000,0.0660,-0.2200,1.8000,11.2680,ASP19,CB
214,10.0330,2.3170,11.8770,3.2500,0.1700,-0.5000,1.6000,5.1176,LEU4,N
215,10.0730,0.3450,31.6710,0.5000,0.0300,0.4600,1.2075,3.2596,ARG15,HH12
216,10.0770,-1.8260,13.0850,2.5000,0.0300,0.0600,1.2500,3.0627,ILE3,HB
217,10.0810,10.6750,22.6980,2.5000,0.0300,0.0600,1.2500,2.8676,GLY9,HA2
218,10.1030,12.9960,24.1600,3.5000,0.0660,-0.0500,1.8250,14.5655,PRO10,CD
219,10.1260,4.3830,17.0870,3.7500,0.1050,0.5000,1.8500,14.9186,ILE6,C
220,10.1270,-7.0230,15.5210,3.5000,0.0660,0.1400,1.8250,10.6390,LEU25,CA
221,10.1330,5.8130,12.6570,2.9600,0.2100,-0.5000,1.4900,7.8762,LEU4,O
222,10.1480,-0.8480,23.5300,0.5000,0.0300,0.3000,1.2075,3.5497,ARG20,H
223,10.1860,2.5070,29.8580,3.7500,0.1050,0.7000,1.8750,15.1592,ASP16,CG
224,10.1940,-12.3750,11.0720,2.9600,0.2100,-0.5000,1.4900,7.8762,GLN29,O
225,10.2170,2.6020,28.3320,3.5000,0.0660,-0.2200,1.8000,11.2680,ASP16,CB
226,10.2190,9.1770,14.9840,2.5000,0.0300,0.0600,1.2500,2.8676,ARG7,HD2
227,10.2510,3.9450,10.0720,3.5000,0.0660,-0.1200,1.8000,12.0622,LEU4,CB
228,10.2560,-2.0580,32.4860,3.2500,0.1700,-0.8000,1.6250,8.2785,ARG15,NH2
229,10.2570,1.6540,13.0250,3.7500,0.1050,0.5000,1.8500,14.9186,ILE3,C
230,10.2770,14.4340,24.6560,3.5000,0.0660,-0.1200,1.8000,12.0622,PRO10,CG
231,10.2950,-10.0440,13.1750,0.5000,0.0300,0.3000,1.2075,3.5497,ALA30,H
232,10.3490,5.0090,9.8500,2.5000,0.0300,0.0600,1.2500,3.0627,LEU4,HB3
233,10.3930,6.3130,26.6600,3.5000,0.0660,-0.2200,1.8000,11.5138,GLU12,CG
234,10.3990,-2.1000,15.5170,2.5000,0.0300,0.0600,1.2500,3.0627,ILE3,HD13
235,10.4260,-3.0150,32.7580,0.5000,0.0300,0.4600,1.2900,4.6602,ARG15,HH21
236,10.4270,13.0960,29.2690,2.5000,0.0300,0.0600,1.2500,3.0627,LYS11,HB2
237,10.4490,3.6900,11.5830,3.5000,0.0660,0.1400,1.8250,10.6390,LEU4,CA
238,10.4610,-7.3960,19.3650,2.9600,0.2100,-0.5000,1.4900,7.8762,TYR22,O
239,10.5140,0.4920,27.9700,2.5000,0.0300,0.0600,1.2500,2.8676,ASP16,HA
240,10.5160,-0.4010,15.9550,2.5000,0.0300,0.0600,1.2500,3.0627,ILE3,HD12
241,10.5310,-9.8070,21.3250,0.5000,0.0300,0.4400,1.2075,3.2596,ARG26,HE
242,10.5350,-1.9470,7.9420,2.5000,0.0300,0.0600,1.2500,3.0627,THR1,HG21
243,10.5540,10.1620,23.5360,3.5000,0.0660,0.0800,1.8250,14.3575,GLY9,CA
244,10.5580,-6.2900,19.8870,3.7500,0.1050,0.5000,1.8500,14.9186,TYR22,C
245,10.5800,-8.0200,24.3330,0.5000,0.0300,0.4600,1.2900,4.6602,ARG26,HH22
246,10.5890,-1.5480,20.7370,3.2500,0.1700,-0.5000,1.6000,5.1176,PHE21,N
247,10.5890,4.0910,7.2900,2.5000,0.0300,0.0600,1.2500,3.0627,LEU4,HD13
248,10.6280,-8.5240,23.4580,3.2500,0.1700,-0.8000,1.6250,8.2785,ARG26,NH2
249,10.6350,2.0520,18.5610,2.5000,0.0300,0.0600,1.2500,3.0627,ILE6,HG22
250,10.6390,-0.8900,13.0440,3.5000,0.0660,-0.0600,1.8000,8.4485,ILE3,CB
251,10.6430,-0.7450,10.8570,2.5000,0.0300,0.0600,1.2500,3.0627,ILE3,HG22
252,10.6490,-2.8970,25.0740,3.5000,0.0660,0.1400,1.8250,10.6390,ASP19,CA
253,10.6660,-10.6610,12.4640,3.2500,0.1700,-0.5000,1.6000,5.1176,ALA30,N
254,10.6690,6.8690,15.4720,2.5000,0.0300,0.0600,1.2500,3.0627,ARG7,HG3
255,10.6720,3.5550,28.0580,2.5000,0.0300,0.0600,1.2500,3.0627,ASP16,HB2
256,10.6960,3.0950,7.7200,3.5000,0.0660,-0.1800,1.8000,15.9217,LEU4,CD1
257,10.7320,8.0480,23.5950,0.5000,0.0300,0.3000,1.2075,3.5497,GLY9,H
258,10.7780,8.1380,28.7590,2.5000,0.0300,0.0600,1.2500,2.8676,GLU12,HA
259,10.7840,7.8130,26.6330,3.5000,0.0660,-0.1200,1.8000,12.0622,GLU12,CB
260,10.8440,-2.3140,28.6830,2.9600,0.2100,-0.8000,1.6000,10.5947,ASP19,OD1
261,10.8570,1.5550,26.1440,3.7500,0.1050,0.5000,1.8500,14.9186,ASP16,C
262,10.9160,2.1400,13.9440,2.9600,0.2100,-0.5000,1.4900,7.8762,ILE3,O
263,10.9240,7.7330,17.4420,3.5000,0.0660,-0.1200,1.8000,12.0622,ARG7,CB
264,10.9300,-1.2060,18.7070,2.5000,0.0300,0.0600,1.2500,2.8676,PHE21,HA
265,10.9400,-3.0180,27.6540,3.7500,0.1050,0.7000,1.8750,15.1592,ASP19,CG
266,10.9710,-4.8880,13.9470,2.5000,0.0300,0.0600,1.2500,3.0627,LEU25,HD12
267,10.9710,6.6450,19.7350,3.7500,0.1050,0.5000,1.8500,14.9186,ARG7,C
268,10.9810,1.4330,27.6700,3.5000,0.0660,0.1400,1.8250,10.6390,ASP16,CA
269,10.9870,-3.9330,25.0110,2.5000,0.0300,0.0600,1.2500,2.8676,ASP19,HA
270,11.0140,2.5920,23.6060,2.5000,0.0300,0.0600,1.2500,2.8676,TYR17,HA
271,11.0180,0.0220,31.8370,3.2500,0.1700,-0.8000,1.6400,9.7749,ARG15,NH1
272,11.0370,8.8640,23.0730,3.2500,0.1700,-0.5000,1.6000,5.1176,GLY9,N
273,11.0380,6.4110,18.2270,3.5000,0.0660,0.1400,1.8250,10.6390,ARG7,CA
274,11.0730,-1.2500,15.5640,3.5000,0.0660,-0.1800,1.8000,15.9217,ILE3,CD1
275,11.0860,-1.2130,21.5520,0.5000,0.0300,0.3000,1.2075,3.5497,PHE21,H
276,11.1170,12.0650,26.6970,0.5000,0.0300,0.3000,1.2075,3.5497,LYS11,H
277,11.1210,-3.5860,17.9990,2.9600,0.2100,-0.5000,1.4900,7.8762,PHE21,O
278,11.1830,2.9320,30.4820,2.9600,0.2100,-0.8000,1.6000,10.5947,ASP16,OD2
279,11.2040,4.0150,16.6200,2.9600,0.2100,-0.5000,1.4900,7.8762,ILE6,O
280,11.2120,6.1220,29.9690,2.5000,0.0300,0.0600,1.2500,2.8676,PRO13,HD2
281,11.2220,3.1600,9.1610,3.5000,0.0660,-0.0600,1.8000,8.6942,LEU4,CG
282,11.2380,5.6940,26.9520,2.5000,0.0300,0.0600,1.2500,3.0627,GLU12,HG2
283,11.2560,8.9230,15.2040,3.5000,0.0660,0.1900,1.8250,14.6034,ARG7,CD
284,11.2780,-1.2320,32.2340,2.2500,0.0500,0.6399,1.8750,15.8976,ARG15,CZ
285,11.2880,2.1320,9.5190,2.5000,0.0300,0.0600,1.2500,3.0627,LEU4,HG
286,11.3160,7.5950,15.9660,3.5000,0.0660,-0.0500,1.8000,12.0622,ARG7,CG
287,11.3480,-0.8740,11.6750,3.5000,0.0660,-0.1800,1.8000,15.9217,ILE3,CG2
288,11.3710,15.1810,29.9980,2.5000,0.0300,0.0600,1.2500,3.0627,LYS11,HG3
289,11.3720,2.5270,7.0800,2.5000,0.0300,0.0600,1.2500,3.0627,LEU4,HD11
290,11.3860,-1.7600,19.5270,3.5000,0.0660,0.1400,1.8250,10.6390,PHE21,CA
291,11.3980,12.3450,24.3710,3.2500,0.1700,-0.1400,1.6400,2.4762,PRO10,N
292,11.4190,-4.1220,15.4690,2.5000,0.0300,0.0600,1.2500,3.0627,LEU25,HD13
293,11.4360,-3.2450,19.1390,3.7500,0.1050,0.5000,1.8500,14.9186,PHE21,C
294,11.4480,8.0070,25.7870,2.5000,0.0300,0.0600,1.2500,3.0627,GLU12,HB3
295,11.4600,8.3180,27.9290,3.5000,0.0660,0.1400,1.8250,10.6390,GLU12,CA
296,11.4840,8.4550,13.1600,0.5000,0.0300,0.4400,1.2075,3.2596,ARG7,HE
297,11.4970,3.8140,11.8550,2.5000,0.0300,0.0600,1.2500,2.8676,LEU4,HA
298,11.4990,13.0980,29.4710,3.5000,0.0660,-0.1200,1.8000,12.0622,LYS11,CB
299,11.5310,-8.6770,23.0320,0.5000,0.0300,0.4600,1.2900,4.6602,ARG26,HH21
300,11.5760,8.4780,17.9010,2.5000,0.0300,0.0600,1.2500,3.0627,ARG7,HB3
301,11.6020,12.7700,30.5060,2.5000,0.0300,0.0600,1.2500,3.0627,LYS11,HB3
302,11.6170,-6.9240,15.9400,3.5000,0.0660,-0.1200,1.8000,12.0622,LEU25,CB
303,11.6540,9.7410,15.8040,2.5000,0.0300,0.0600,1.2500,2.8676,ARG7,HD3
304,11.6550,3.6680,21.3560,2.4200,0.0300,0.1150,1.2500,2.8482,TYR17,HD1
305,11.6620,11.0400,24.1460,3.7500,0.1050,0.5000,1.8500,14.5440,GLY9,C
306,11.6630,-6.6310,16.9850,2.5000,0.0300,0.0600,1.2500,3.0627,LEU25,HB2
307,11.6760,-0.9600,14.1880,3.5000,0.0660,-0.1200,1.8000,12.3080,ILE3,CG1
308,11.6910,-4.0100,27.5240,2.9600,0.2100,-0.8000,1.6000,10.5947,ASP19,OD2
309,11.6910,6.5150,22.3450,2.5000,0.0300,0.0600,1.2500,2.8676,GLN8,HA
310,11.6970,9.7550,27.7970,3.2500,0.1700,-0.5000,1.6000,5.1176,GLU12,N
311,11.7440,10.2390,30.0010,2.9600,0.2100,-0.5000,1.4900,7.8762,LYS11,O
312,11.7730,0.6610,31.6320,0.5000,0.0300,0.4600,1.2075,3.2596,ARG15,HH11
313,11.7760,14.6800,24.5770,3.5000,0.0660,-0.1200,1.8000,12.0622,PRO10,CB
314,11.7990,-4.1300,20.0820,3.2500,0.1700,-0.5000,1.6000,5.1176,TYR22,N
315,11.8020,-4.6890,14.6230,3.5000,0.0660,-0.1800,1.8000,15.9217,LEU25,CD1
316,11.8160,-2.0290,24.8680,3.2500,0.1700,-0.5000,1.6000,5.1176,ASP19,N
317,11.8200,2.2320,25.4990,3.2500,0.1700,-0.5000,1.6000,5.1176,TYR17,N
318,11.8260,0.5340,22.4600,2.9600,0.2100,-0.5000,1.4900,7.8762,TYR17,O
319,11.8330,10.1110,26.8620,0.5000,0.0300,0.3000,1.2075,3.5497,GLU12,H
320,11.8460,8.6670,22.0210,3.7500,0.1050,0.5000,1.8500,14.9186,GLN8,C
321,11.8460,10.6050,28.8300,3.7500,0.1050,0.5000,1.8500,14.9186,LYS11,C
322,11.8550,-1.4890,16.2820,2.5000,0.0300,0.0600,1.2500,3.0627,ILE3,HD11
323,11.8680,-1.8150,11.4970,2.5000,0.0300,0.0600,1.2500,3.0627,ILE3,HG21
324,11.8680,7.5930,30.7060,2.5000,0.0300,0.0600,1.2500,2.8676,PRO13,HD3
325,11.8930,14.9230,28.3650,2.5000,0.0300,0.0600,1.2500,3.0627,LYS11,HG2
326,11.9140,-5.5670,19.8320,3.5000,0.0660,0.1400,1.8250,10.6390,TYR22,CA
327,11.9650,12.4190,27.1160,3.2500,0.1700,-0.5000,1.6000,5.1176,LYS11,N
328,11.9710,2.3140,24.0500,3.5000,0.0660,0.1400,1.8250,10.6390,TYR17,CA
329,11.9860,-1.3160,25.5670,0.5000,0.0300,0.3000,1.2075,3.5497,ASP19,H
330,12.0040,8.8240,13.9440,3.2500,0.1700,-0.7000,1.6400,6.0721,ARG7,NE
331,12.0110,5.9620,18.0240,2.5000,0.0300,0.0600,1.2500,2.8676,ARG7,HA
332,12.0130,14.5500,29.3820,3.5000,0.0660,-0.1200,1.8000,12.3080,LYS11,CG
333,12.0360,15.0040,23.5690,2.5000,0.0300,0.0600,1.2500,3.0627,PRO10,HB3
334,12.0450,-3.7890,21.0030,0.5000,0.0300,0.3000,1.2075,3.5497,TYR22,H
335,12.0530,-8.3530,12.2970,2.5000,0.0300,0.0600,1.2500,3.0627,ALA30,HB2
336,12.0770,-0.0670,11.6060,2.5000,0.0300,0.0600,1.2500,3.0627,ILE3,HG23
337,12.0870,-10.5300,12.1580,3.5000,0.0660,0.1400,1.8250,10.6390,ALA30,CA
338,12.0910,-7.9070,15.9140,2.5000,0.0300,0.0600,1.2500,3.0627,LEU25,HB3
339,12.1070,15.4610,25.2630,2.5000,0.0300,0.0600,1.2500,3.0627,PRO10,HB2
340,12.1310,6.6240,30.2800,3.5000,0.0660,-0.0500,1.8250,14.5655,PRO13,CD
341,12.1350,6.9130,20.3430,3.2500,0.1700,-0.5000,1.6000,5.1176,GLN8,N
342,12.1730,4.6620,15.0130,0.5000,0.0300,0.3800,1.2075,3.2596,ASN46,HD21
343,12.1840,12.0770,28.5230,3.5000,0.0660,0.1400,1.8250,10.6390,LYS11,CA
344,12.2060,5.1100,31.8650,2.5000,0.0300,0.0600,1.2500,3.0627,PRO13,HG2
345,12.2300,-10.5290,11.0750,2.5000,0.0300,0.0600,1.2500,2.8676,ALA30,HA
346,12.2480,9.5820,21.2980,2.9600,0.2100,-0.5000,1.4900,7.8762,GLN8,O
347,12.2690,-0.0500,14.2380,2.5000,0.0300,0.0600,1.2500,3.0627,ILE3,HG13
348,12.2860,7.2180,21.7600,3.5000,0.0660,0.1400,1.8250,10.6390,GLN8,CA
349,12.3280,7.1950,15.9130,2.5000,0.0300,0.0600,1.2500,3.0627,ARG7,HG2
350,12.3370,-5.7210,18.8400,2.5000,0.0300,0.0600,1.2500,2.8676,TYR22,HA
351,12.3790,1.4150,28.1220,3.2500,0.1700,-0.5000,1.6000,5.1176,ASP16,N
352,12.3830,-1.7560,13.9680,2.5000,0.0300,0.0600,1.2500,3.0627,ILE3,HG12
353,12.3990,4.9340,13.2970,0.5000,0.0300,0.3800,1.2075,3.2596,ASN46,HD22
354,12.4050,0.9570,23.4580,3.7500,0.1050,0.5000,1.8500,14.9186,TYR17,C
355,12.4060,13.3060,24.8460,3.5000,0.0660,0.0100,1.8250,10.3074,PRO10,CA
356,12.4390,-9.1460,13.8200,2.5000,0.0300,0.0600,1.2500,3.0627,ALA30,HB3
357,12.4980,-4.0510,14.0820,2.5000,0.0300,0.0600,1.2500,3.0627,LEU25,HD11
358,12.5040,-5.9710,15.0970,3.5000,0.0660,-0.0600,1.8000,8.6942,LEU25,CG
359,12.5270,-5.9790,21.8770,2.5000,0.0300,0.0600,1.2500,3.0627,TYR22,HB2
360,12.5320,2.6760,26.0630,0.5000,0.0300,0.3000,1.2075,3.5497,TYR17,H
361,12.5400,-1.6780,32.3700,3.2500,0.1700,-0.7000,1.6400,6.0721,ARG15,NE
362,12.5420,4.3880,23.9500,2.5000,0.0300,0.0600,1.2500,3.0627,TYR17,HB2
363,12.5840,-9.1960,12.7400,3.5000,0.0660,-0.1800,1.8000,15.6759,ALA30,CB
364,12.5840,-2.9860,22.9710,2.9600,0.2100,-0.5000,1.4900,7.8762,VAL18,O
365,12.6160,3.6450,19.0670,2.4200,0.0300,0.1150,1.2500,2.8482,TYR17,HE1
366,12.6350,3.7620,9.1880,3.5000,0.0660,-0.1800,1.8000,15.9217,LEU4,CD2
367,12.6420,4.7790,8.7940,2.5000,0.0300,0.0600,1.2500,3.0627,LEU4,HD22
368,12.6770,2.1950,28.6910,0.5000,0.0300,0.3000,1.2075,3.5497,ASP16,H
369,12.6870,-2.6450,32.6240,0.5000,0.0300,0.4400,1.2075,3.2596,ARG15,HE
370,12.6930,-2.1340,23.8530,3.7500,0.1050,0.5000,1.8500,14.9186,VAL18,C
371,12.7230,3.5780,21.2240,3.5500,0.0700,-0.1150,1.8200,13.3599,TYR17,CD1
372,12.7460,-0.1990,20.1620,2.5000,0.0300,0.0600,1.2500,3.0627,PHE21,HB2
373,12.7510,10.5410,24.4360,2.9600,0.2100,-0.5000,1.4900,7.8762,GLY9,O
374,12.7690,4.9220,14.2360,3.2500,0.1700,-0.7600,1.6400,10.0211,ASN46,ND2
375,12.7750,-11.9170,14.0050,2.9600,0.2100,-0.5000,1.4900,7.8762,ALA30,O
376,12.7840,13.1410,26.3310,3.7500,0.1050,0.5000,1.8500,14.9186,PRO10,C
377,12.8010,-6.5150,14.2000,2.5000,0.0300,0.0600,1.2500,3.0627,LEU25,HG
378,12.8120,-1.2120,19.7650,3.5000,0.0660,-0.0050,1.8000,12.2725,PHE21,CB
379,12.8200,7.5980,28.0850,3.7500,0.1050,0.5000,1.8500,14.5440,GLU12,C
380,12.8580,-7.2860,20.7700,2.5000,0.0300,0.0600,1.2500,3.0627,TYR22,HB3
381,12.8670,-6.1980,20.8630,3.5000,0.0660,-0.0050,1.8000,12.2725,TYR22,CB
382,12.8710,5.7680,31.3050,3.5000,0.0660,-0.1200,1.8000,12.0622,PRO13,CG
383,12.8870,-11.6730,12.8010,3.7500,0.1050,0.5000,1.8500,14.9186,ALA30,C
384,12.9730,6.9380,19.7760,0.5000,0.0300,0.3000,1.2075,3.5497,GLN8,H
385,12.9870,-0.5600,27.2070,2.9600,0.2100,-0.5000,1.4900,7.8762,ARG15,O
386,13.0030,3.4210,23.7520,3.5000,0.0660,-0.0050,1.8000,12.2725,TYR17,CB
387,13.0190,6.7470,29.1230,3.2500,0.1700,-0.1400,1.6400,2.4762,PRO13,N
388,13.0240,-1.0600,30.0380,2.5000,0.0300,0.0600,1.2500,3.0627,ARG15,HG2
389,13.0300,3.8000,10.2010,2.5000,0.0300,0.0600,1.2500,3.0627,LEU4,HD23
390,13.1290,0.8900,18.0350,2.4200,0.0300,0.1150,1.2500,2.8482,PHE21,HD1
391,13.2560,12.1110,28.7120,2.5000,0.0300,0.0600,1.2500,2.8676,LYS11,HA
392,13.2600,0.4270,27.8840,3.7500,0.1050,0.5000,1.8500,14.9186,ARG15,C
393,13.2660,3.5630,19.9250,3.5500,0.0700,-0.1150,1.8200,12.1622,TYR17,CE1
394,13.3070,9.1120,13.7790,2.2500,0.0500,0.6399,1.8750,15.8976,ARG7,CZ
395,13.3130,8.5950,11.8030,0.5000,0.0300,0.4600,1.2900,4.6602,ARG7,HH21
396,13.3190,13.2070,24.2550,2.5000,0.0300,0.0600,1.2500,2.8676,PRO10,HA
397,13.3270,-1.7930,20.5320,2.5000,0.0300,0.0600,1.2500,3.0627,PHE21,HB3
398,13.3270,3.1690,8.5890,2.5000,0.0300,0.0600,1.2500,3.0627,LEU4,HD21
399,13.3680,6.4210,32.0240,2.5000,0.0300,0.0600,1.2500,3.0627,PRO13,HG3
400,13.3750,0.2660,24.0870,3.2500,0.1700,-0.5000,1.6000,5.1176,VAL18,N
401,13.4050,-10.3260,16.7480,2.5000,0.0300,0.0600,1.2500,3.0627,LYS35,HD3
402,13.4090,16.8790,30.1790,2.5000,0.0300,0.0600,1.2500,2.8676,LYS11,HE3
403,13.4320,-12.4940,18.0370,0.5000,0.0300,0.3300,1.2900,2.7023,LYS35,HZ1
404,13.4440,6.4740,24.1920,2.5000,0.0300,0.0600,1.2500,3.0627,GLN8,HG3
405,13.4680,14.7340,29.8470,3.5000,0.0660,-0.1200,1.8000,12.0622,LYS11,CD
406,13.4910,4.5490,27.3870,2.9600,0.2100,-0.5000,1.4900,7.8762,PRO13,O
407,13.5210,4.0370,30.2390,2.5000,0.0300,0.0600,1.2500,3.0627,PRO13,HB2
408,13.5460,14.4890,30.9070,2.5000,0.0300,0.0600,1.2500,3.0627,LYS11,HD2
409,13.5550,-4.9610,16.7220,2.5000,0.0300,0.0600,1.2500,3.0627,LEU25,HD22
410,13.5720,3.4530,22.3450,3.5500,0.0700,-0.1150,1.7700,7.2521,TYR17,CG
411,13.5970,1.9690,12.6760,2.5000,0.0300,0.0600,1.2500,3.0627,LEU42,HD11
412,13.6290,0.1050,32.4440,2.5000,0.0300,0.0600,1.2500,2.8676,ARG15,HD3
413,13.6400,5.2670,16.5510,2.5000,0.0300,0.0600,1.2500,3.0627,ASN46,HB3
414,13.6470,-9.0510,12.5480,2.5000,0.0300,0.0600,1.2500,3.0627,ALA30,HB1
415,13.6560,9.6840,15.7070,0.5000,0.0300,0.4600,1.2075,3.2596,ARG7,HH11
416,13.6900,7.8020,27.2330,2.9600,0.2100,-0.5000,1.4900,7.8762,GLU12,O
417,13.6950,-1.1440,18.5300,3.5500,0.0700,-0.1150,1.7700,7.2521,PHE21,CG
418,13.7140,-12.3490,11.9860,3.2500,0.1700,-0.5000,1.6000,5.1176,SER31,N
419,13.7270,0.0350,17.7550,3.5500,0.0700,-0.1150,1.8200,13.3599,PHE21,CD1
420,13.7450,-12.0760,11.0140,0.5000,0.0300,0.3000,1.2075,3.5497,SER31,H
421,13.7480,-0.9040,32.0490,3.5000,0.0660,0.1900,1.8250,14.6034,ARG15,CD
422,13.7750,7.0620,22.1260,3.5000,0.0660,-0.1200,1.8000,12.0622,GLN8,CB
423,13.7840,-5.5930,15.8630,3.5000,0.0660,-0.1800,1.8000,15.9217,LEU25,CD2
424,13.8040,0.6990,24.8950,0.5000,0.0300,0.3000,1.2075,3.5497,VAL18,H
425,13.8220,8.1640,24.0030,2.5000,0.0300,0.0600,1.2500,3.0627,GLN8,HG2
426,13.8300,13.6450,26.7370,2.9600,0.2100,-0.5000,1.4900,7.8762,PRO10,O
427,13.8320,-1.0940,23.7660,3.5000,0.0660,0.1400,1.8250,10.6390,VAL18,CA
428,13.8340,3.3430,24.4540,2.5000,0.0300,0.0600,1.2500,3.0627,TYR17,HB3
429,13.8370,-2.8680,12.3350,2.5000,0.0300,0.0600,1.2500,3.0627,MET38,HE2
430,13.8650,8.9400,12.5750,3.2500,0.1700,-0.8000,1.6250,8.2785,ARG7,NH2
431,13.8670,16.4220,28.5470,2.5000,0.0300,0.0600,1.2500,2.8676,LYS11,HE2
432,13.9240,5.0130,30.5150,3.5000,0.0660,-0.1200,1.8000,12.0622,PRO13,CB
433,13.9810,-0.8890,30.5310,3.5000,0.0660,-0.0500,1.8000,12.0622,ARG15,CG
434,13.9850,16.1570,29.5980,3.5000,0.0660,0.1900,1.8250,12.5888,LYS11,CE
435,14.0520,5.2150,14.4530,3.7500,0.1050,0.5000,1.8500,14.7997,ASN46,CG
436,14.0650,9.5560,14.7930,3.2500,0.1700,-0.8000,1.6400,9.7749,ARG7,NH1
437,14.0730,7.1700,23.6370,3.5000,0.0660,-0.1200,1.8000,11.7762,GLN8,CG
438,14.0770,1.2680,30.4370,2.5000,0.0300,0.0600,1.2500,3.0627,ARG15,HB3
439,14.1220,14.0380,29.3260,2.5000,0.0300,0.0600,1.2500,3.0627,LYS11,HD3
440,14.1280,-14.1090,13.0210,2.5000,0.0300,0.0600,1.2500,2.8676,SER31,HA
441,14.1280,6.0980,21.7620,2.5000,0.0300,0.0600,1.2500,3.0627,GLN8,HB2
442,14.1490,-1.0870,22.7220,2.5000,0.0300,0.0600,1.2500,2.8676,VAL18,HA
443,14.1570,-1.1850,11.8940,2.5000,0.0300,0.0600,1.2500,3.0627,MET38,HE1
444,14.2010,5.8780,29.2740,3.5000,0.0660,0.0100,1.8250,10.3074,PRO13,CA
445,14.3090,-5.7530,20.6910,3.5500,0.0700,-0.1150,1.7700,7.2521,TYR22,CG
446,14.3110,-6.4670,16.2370,2.5000,0.0300,0.0600,1.2500,3.0627,LEU25,HD23
447,14.3140,0.6990,13.6580,2.5000,0.0300,0.0600,1.2500,3.0627,LEU42,HD12
448,14.3450,-14.4100,10.4940,2.5000,0.0300,0.0600,1.2500,3.0627,SER31,HB3
449,14.3570,7.8090,21.5870,2.5000,0.0300,0.0600,1.2500,3.0627,GLN8,HB3
450,14.3670,-4.6870,22.5650,2.4200,0.0300,0.1150,1.2500,2.8482,TYR22,HD2
451,14.3680,-8.1840,9.8490,2.5000,0.0300,0.0600,1.2500,3.0627,VAL34,HG11
452,14.4140,-12.3710,18.2360,3.2500,0.1700,-0.3000,1.8500,17.4537,LYS35,NZ
453,14.4390,4.9550,28.0630,3.7500,0.1050,0.5000,1.8500,14.9186,PRO13,C
454,14.4730,6.9310,18.3410,2.9600,0.2100,-0.5000,1.4900,7.8762,ASN46,O
455,14.4760,-5.0410,15.2250,2.5000,0.0300,0.0600,1.2500,3.0627,LEU25,HD21
456,14.4780,-10.2490,16.9300,3.5000,0.0660,-0.1200,1.8000,12.0622,LYS35,CD
457,14.4800,-3.3030,25.6140,2.5000,0.0300,0.0600,1.2500,3.0627,VAL18,HG12
458,14.4800,-3.1520,18.7480,2.4200,0.0300,0.1150,1.2500,2.8482,PHE21,HD2
459,14.4910,-2.2480,18.1560,3.5500,0.0700,-0.1150,1.8200,13.3599,PHE21,CD2
460,14.5190,1.6440,13.1580,3.5000,0.0660,-0.1800,1.8000,15.9217,LEU42,CD1
461,14.5220,5.2130,15.9140,3.5000,0.0660,-0.1200,1.8000,11.5305,ASN46,CB
462,14.5260,-11.8410,19.0880,0.5000,0.0300,0.3300,1.2900,2.7023,LYS35,HZ3
463,14.5410,0.1040,16.6090,3.5500,0.0700,-0.1150,1.8200,12.8083,PHE21,CE1
464,14.5690,1.0130,16.0260,2.4200,0.0300,0.1150,1.2500,2.8482,PHE21,HE1
465,14.5710,-8.5530,15.6220,2.5000,0.0300,0.0600,1.2500,3.0627,LYS35,HG2
466,14.5870,-6.7290,18.7750,2.4200,0.0300,0.1150,1.2500,2.8482,TYR22,HD1
467,14.5870,-2.0780,12.3420,3.5000,0.0660,-0.0125,1.8000,16.2557,MET38,CE
468,14.5910,-9.6680,17.8470,2.5000,0.0300,0.0600,1.2500,3.0627,LYS35,HD2
469,14.6080,-1.7350,30.2480,2.5000,0.0300,0.0600,1.2500,3.0627,ARG15,HG3
470,14.6090,-1.3360,32.5600,2.5000,0.0300,0.0600,1.2500,2.8676,ARG15,HD2
471,14.6250,0.4200,30.0240,3.5000,0.0660,-0.1200,1.8000,12.0622,ARG15,CB
472,14.6570,3.4350,19.7480,3.5500,0.0700,0.1500,1.8750,13.1936,TYR17,CZ
473,14.6600,-13.3890,12.3980,3.5000,0.0660,0.1400,1.8250,10.6390,SER31,CA
474,14.6720,0.5600,28.4840,3.5000,0.0660,0.1400,1.8250,10.6390,ARG15,CA
475,14.6950,10.2530,24.7970,0.5000,0.0300,0.3800,1.2075,3.2596,ASN48,HD21
476,14.7580,2.3800,13.9210,2.5000,0.0300,0.0600,1.2500,3.0627,LEU42,HD13
477,14.8140,5.5040,13.5330,2.9600,0.2100,-0.5000,1.4900,7.8762,ASN46,OD1
478,14.8250,4.8320,31.1020,2.5000,0.0300,0.0600,1.2500,3.0627,PRO13,HB3
479,14.8460,-1.8510,13.3750,2.5000,0.0300,0.0600,1.2500,3.0627,MET38,HE3
480,14.8460,9.1290,12.4330,0.5000,0.0300,0.4600,1.2900,4.6602,ARG7,HH22
481,14.8530,-13.2750,18.3470,0.5000,0.0300,0.3300,1.2900,2.7023,LYS35,HZ2
482,14.8740,10.6920,22.6160,2.5000,0.0300,0.0600,1.2500,3.0627,ASN48,HB3
483,14.9150,-4.9520,21.6770,3.5500,0.0700,-0.1150,1.8200,13.3599,TYR22,CD2
484,14.9390,-12.2450,16.2120,2.5000,0.0300,0.0600,1.2500,2.8676,LYS35,HE2
485,14.9550,-0.9240,25.6050,2.5000,0.0300,0.0600,1.2500,3.0627,VAL18,HB
486,14.9610,-10.0380,14.8370,2.5000,0.0300,0.0600,1.2500,3.0627,LYS35,HG3
487,14.9640,3.3320,22.1600,3.5500,0.0700,-0.1150,1.8200,13.3599,TYR17,CD2
488,14.9680,4.2420,16.1160,2.5000,0.0300,0.0600,1.2500,3.0627,ASN46,HB2
489,15.0420,-6.1140,19.5390,3.5500,0.0700,-0.1150,1.8200,13.3599,TYR22,CD1
490,15.0490,9.7390,14.6610,0.5000,0.0300,0.4600,1.2075,3.2596,ARG7,HH12
491,15.0590,-11.6570,17.1220,3.5000,0.0660,0.1900,1.8250,12.5888,LYS35,CE
492,15.0720,6.5130,29.4430,2.5000,0.0300,0.0600,1.2500,2.8676,PRO13,HA
493,15.0790,-1.4250,24.6480,3.5000,0.0660,-0.0600,1.8000,8.4485,VAL18,CB
494,15.0810,3.1340,10.8350,2.5000,0.0300,0.0600,1.2500,3.0627,LEU42,HD21
495,15.0950,-7.4910,11.2800,2.5000,0.0300,0.0600,1.2500,3.0627,VAL34,HG12
496,15.1080,6.9760,25.9770,0.5000,0.0300,0.3800,1.2075,3.2596,GLN8,HE21
497,15.1170,-9.4840,15.7590,3.5000,0.0660,-0.1200,1.8000,12.3080,LYS35,CG
498,15.1600,7.2730,15.7830,2.5000,0.0300,0.0600,1.2500,2.8676,ASN46,HA
499,15.1790,-14.1050,11.1280,3.5000,0.0660,0.1450,1.8000,13.9347,SER31,CB
500,15.1850,3.4010,18.4950,3.0700,0.1700,-0.5850,1.5400,8.2240,TYR17,OH
501,15.2420,-10.2160,8.7670,2.5000,0.0300,0.0600,1.2500,3.0627,VAL34,HG21
502,15.2490,0.8030,11.3730,2.5000,0.0300,0.0600,1.2500,3.0627,LEU42,HG
503,15.2850,1.8450,28.1430,3.2500,0.1700,-0.5000,1.6000,5.1176,ARG15,N
504,15.2970,-0.2370,28.0760,2.5000,0.0300,0.0600,1.2500,2.8676,ARG15,HA
505,15.3010,-2.9040,25.0160,3.5000,0.0660,-0.1800,1.8000,15.9217,VAL18,CG1
506,15.3040,-2.1790,17.0080,3.5500,0.0700,-0.1150,1.8200,12.8083,PHE21,CE2
507,15.3240,-7.9780,10.3320,3.5000,0.0660,-0.1800,1.8000,15.9217,VAL34,CG1
508,15.3260,-1.0030,16.2340,3.5500,0.0700,-0.1150,1.8200,12.8083,PHE21,CZ
509,15.4090,16.2780,29.9510,3.2500,0.1700,-0.3000,1.8500,17.4537,LYS11,NZ
510,15.4130,-3.5260,24.1330,2.5000,0.0300,0.0600,1.2500,3.0627,VAL18,HG13
511,15.4170,2.5000,28.9000,0.5000,0.0300,0.3000,1.2075,3.5497,ARG15,H
512,15.4730,1.5530,25.9100,2.9600,0.2100,-0.5000,1.4900,7.8762,PHE14,O
513,15.5070,3.3310,20.8640,3.5500,0.0700,-0.1150,1.8200,12.1622,TYR17,CE2
514,15.5120,6.3560,16.2560,3.5000,0.0660,0.1400,1.8250,10.6390,ASN46,CA
515,15.5270,6.6430,17.7740,3.7500,0.1050,0.5000,1.8500,14.9186,ASN46,C
516,15.5360,6.8910,23.9890,3.7500,0.1050,0.5000,1.8500,14.7997,GLN8,CD
517,15.5380,16.0520,30.9270,0.5000,0.0300,0.3300,1.2900,2.7023,LYS11,HZ3
518,15.5480,-4.6880,12.4320,2.5000,0.0300,0.0600,1.2500,3.0627,MET38,HG3
519,15.5720,-9.9140,11.1940,2.5000,0.0300,0.0600,1.2500,3.0627,VAL34,HB
520,15.6110,2.2600,26.9040,3.7500,0.1050,0.5000,1.8500,14.9186,PHE14,C
521,15.6190,3.2280,23.0120,2.4200,0.0300,0.1150,1.2500,2.8482,TYR17,HD2
522,15.6360,0.4940,30.4260,2.5000,0.0300,0.0600,1.2500,3.0627,ARG15,HB2
523,15.6480,1.4780,12.1310,3.5000,0.0660,-0.0600,1.8000,8.6942,LEU42,CG
524,15.6720,4.0940,25.7980,2.5000,0.0300,0.0600,1.2500,2.8676,PHE14,HA
525,15.6910,10.1170,24.9220,3.2500,0.1700,-0.7600,1.6400,10.0211,ASN48,ND2
526,15.7010,-15.0200,11.4090,2.5000,0.0300,0.0600,1.2500,3.0627,SER31,HB2
527,15.7080,4.5940,27.8150,3.2500,0.1700,-0.5000,1.6000,5.1176,PHE14,N
528,15.7220,17.2230,29.7790,0.5000,0.0300,0.3300,1.2900,2.7023,LYS11,HZ2
529,15.8230,-12.7870,13.2100,3.7500,0.1050,0.5000,1.8500,14.9186,SER31,C
530,15.8340,6.8310,25.2870,3.2500,0.1700,-0.7600,1.6400,10.0211,GLN8,NE2
531,15.8610,-7.2600,9.7110,2.5000,0.0300,0.0600,1.2500,3.0627,VAL34,HG13
532,15.8720,12.0940,22.7890,2.5000,0.0300,0.0600,1.2500,3.0627,ASN48,HB2
533,15.9140,-3.0240,16.7260,2.4200,0.0300,0.1150,1.2500,2.8482,PHE21,HE2
534,15.9160,11.0140,22.6590,3.5000,0.0660,-0.1200,1.8000,11.5305,ASN48,CB
535,15.9270,11.0670,20.5140,2.5000,0.0300,0.0600,1.2500,2.8676,ASN48,HA
536,15.9490,2.7930,11.3940,3.5000,0.0660,-0.1800,1.8000,15.9217,LEU42,CD2
537,15.9500,15.6400,29.3830,0.5000,0.0300,0.3300,1.2900,2.7023,LYS11,HZ1
538,15.9570,-0.9460,15.3620,2.4200,0.0300,0.1150,1.2500,2.8482,PHE21,HZ
539,16.0320,-11.5740,13.1900,2.9600,0.2100,-0.5000,1.4900,7.8762,SER31,O
540,16.0390,-2.5900,11.4010,3.6000,0.3550,-0.3350,1.9000,20.8365,MET38,SD
541,16.0470,9.7400,25.7880,0.5000,0.0300,0.3800,1.2075,3.2596,ASN48,HD22
542,16.0730,-13.3130,10.3680,3.1200,0.1700,-0.6830,1.5400,9.1698,SER31,OG
543,16.1100,3.7070,26.7200,3.5000,0.0660,0.1400,1.8250,10.6390,PHE14,CA
544,16.1240,-11.5960,17.3400,2.5000,0.0300,0.0600,1.2500,2.8676,LYS35,HE3
545,16.1330,3.3850,18.4990,0.5000,0.0300,0.4350,1.2075,3.6812,TYR17,HH
546,16.1360,6.6770,20.4380,2.5000,0.0300,0.0600,1.2500,2.8676,ALA47,HA
547,16.1410,-9.2730,10.5200,3.5000,0.0660,-0.0600,1.8000,8.4485,VAL34,CB
548,16.1730,0.8230,19.5680,2.5000,0.0300,0.0600,1.2500,3.0627,LEU43,HD12
549,16.2070,-3.0230,25.6110,2.5000,0.0300,0.0600,1.2500,3.0627,VAL18,HG11
550,16.2170,3.5900,12.0870,2.5000,0.0300,0.0600,1.2500,3.0627,LEU42,HD22
551,16.2340,-10.0050,9.1680,3.5000,0.0660,-0.1800,1.8000,15.9217,VAL34,CG2
552,16.2340,-4.4960,21.5080,3.5500,0.0700,-0.1150,1.8200,12.1622,TYR22,CE2
553,16.2540,0.2020,23.7660,2.5000,0.0300,0.0600,1.2500,3.0627,VAL18,HG23
554,16.2920,13.0920,19.7770,2.5000,0.0300,0.0600,1.2500,2.8676,PRO49,HD3
555,16.3460,-13.8080,9.6080,0.5000,0.0300,0.4180,1.2075,3.6812,SER31,HG
556,16.3590,-14.6190,13.8930,0.5000,0.0300,0.3000,1.2075,3.5497,GLN32,H
557,16.3590,-0.8560,24.0080,3.5000,0.0660,-0.1800,1.8000,15.9217,VAL18,CG2
558,16.3680,-5.6680,19.3730,3.5500,0.0700,-0.1150,1.8200,12.1622,TYR22,CE1
559,16.3920,6.7530,23.1190,2.9600,0.2100,-0.5000,1.4900,7.8762,GLN8,OE1
560,16.3960,8.5990,21.8370,0.5000,0.0300,0.3000,1.2075,3.5497,ASN48,H
561,16.4110,-0.9070,19.7790,2.5000,0.0300,0.0600,1.2500,3.0627,LEU43,HD13
562,16.4380,4.9490,28.4180,0.5000,0.0300,0.3000,1.2075,3.5497,PHE14,H
563,16.4570,-4.0990,12.3090,3.5000,0.0660,0.0475,1.8000,12.6420,MET38,CG
564,16.4820,13.7280,21.4160,2.5000,0.0300,0.0600,1.2500,2.8676,PRO49,HD2
565,16.5200,-3.1730,14.2520,2.5000,0.0300,0.0600,1.2500,3.0627,MET38,HB3
566,16.5310,-7.3300,14.8390,2.5000,0.0300,0.0600,1.2500,2.8676,LYS35,HA
567,16.5370,10.4390,23.9420,3.7500,0.1050,0.5000,1.8500,14.7997,ASN48,CG
568,16.5720,10.6590,21.2920,3.5000,0.0660,0.1400,1.8250,10.6390,ASN48,CA
569,16.5730,3.2320,20.7300,2.4200,0.0300,0.1150,1.2500,2.8482,TYR17,HE2
570,16.5790,-13.6340,13.9290,3.2500,0.1700,-0.5000,1.6000,5.1176,GLN32,N
571,16.5880,9.2050,21.0510,3.2500,0.1700,-0.5000,1.6000,5.1176,ASN48,N
572,16.6050,-1.3790,23.0840,2.5000,0.0300,0.0600,1.2500,3.0627,VAL18,HG22
573,16.6160,-9.1730,15.9550,3.5000,0.0660,-0.1200,1.8000,12.0622,LYS35,CB
574,16.6230,-0.0710,13.3240,2.5000,0.0300,0.0600,1.2500,3.0627,LEU42,HB3
575,16.6940,-3.8760,22.2620,2.4200,0.0300,0.1150,1.2500,2.8482,TYR22,HE2
576,16.7080,6.6380,18.4210,3.2500,0.1700,-0.5000,1.6000,5.1176,ALA47,N
577,16.7240,0.1970,21.1110,2.5000,0.0300,0.0600,1.2500,3.0627,LEU43,HD11
578,16.7440,-8.7380,16.9480,2.5000,0.0300,0.0600,1.2500,3.0627,LYS35,HB3
579,16.7550,-10.9580,9.2490,2.5000,0.0300,0.0600,1.2500,3.0627,VAL34,HG23
580,16.7660,2.6710,10.6830,2.5000,0.0300,0.0600,1.2500,3.0627,LEU42,HD23
581,16.7670,-9.4030,8.4310,2.5000,0.0300,0.0600,1.2500,3.0627,VAL34,HG22
582,16.7870,6.6600,25.5720,0.5000,0.0300,0.3800,1.2075,3.2596,GLN8,HE22
583,16.8110,0.0730,20.0320,3.5000,0.0660,-0.1800,1.8000,15.9217,LEU43,CD1
584,16.8300,1.5430,17.4690,2.5000,0.0300,0.0600,1.2500,2.8676,LEU43,HA
585,16.8310,5.9960,15.7310,3.2500,0.1700,-0.5000,1.6000,5.1176,ASN46,N
586,16.9010,8.6330,19.8700,3.7500,0.1050,0.5000,1.8500,14.9186,ALA47,C
587,16.9090,0.7670,12.6870,3.5000,0.0660,-0.1200,1.8000,12.0622,LEU42,CB
588,16.9160,7.0920,19.8010,3.5000,0.0660,0.1400,1.8250,10.6390,ALA47,CA
589,16.9180,2.9660,15.0750,2.9600,0.2100,-0.5000,1.4900,7.8762,LEU42,O
590,16.9240,-5.9450,18.4890,2.4200,0.0300,0.1150,1.2500,2.8482,TYR22,HE1
591,16.9420,-1.7170,29.2350,2.5000,0.0300,0.0600,1.2500,3.0627,MET68,HE3
592,16.9630,-4.8580,20.3620,3.5500,0.0700,0.1500,1.8750,13.1936,TYR22,CZ
593,17.0090,13.5010,20.4900,3.5000,0.0660,-0.0500,1.8250,14.5655,PRO49,CD
594,17.0380,-3.4330,29.6520,2.5000,0.0300,0.0600,1.2500,3.0627,MET68,HE1
595,17.0460,-9.8440,13.5570,0.5000,0.0300,0.3000,1.2075,3.5497,LYS35,H
596,17.0890,5.0200,15.7990,0.5000,0.0300,0.3000,1.2075,3.5497,ASN46,H
597,17.0900,15.6800,20.2320,2.5000,0.0300,0.0600,1.2500,3.0627,PRO49,HG2
598,17.0960,-4.8100,14.2480,2.5000,0.0300,0.0600,1.2500,3.0627,MET38,HB2
599,17.1100,-4.6810,11.6620,2.5000,0.0300,0.0600,1.2500,3.0627,MET38,HG2
600,17.1220,-3.8780,13.6800,3.5000,0.0660,-0.1200,1.8000,12.0622,MET38,CB
601,17.1760,9.2970,18.8670,2.9600,0.2100,-0.5000,1.4900,7.8762,ALA47,O
602,17.1880,-8.2000,14.9040,3.5000,0.0660,0.1400,1.8250,10.6390,LYS35,CA
603,17.1970,-10.0960,15.9530,2.5000,0.0300,0.0600,1.2500,3.0627,LYS35,HB2
604,17.2110,-0.9540,24.6810,2.5000,0.0300,0.0600,1.2500,3.0627,VAL18,HG21
605,17.2250,-8.8490,13.5920,3.2500,0.1700,-0.5000,1.6000,5.1176,LYS35,N
606,17.2430,-12.5700,15.5480,2.5000,0.0300,0.0600,1.2500,2.8676,GLN32,HA
607,17.3850,0.3000,11.8230,2.5000,0.0300,0.0600,1.2500,3.0627,LEU42,HB2
608,17.4010,7.0710,12.3160,2.5000,0.0300,0.0600,1.2500,3.0627,GLN45,HG3
609,17.4330,-15.0380,15.9680,2.5000,0.0300,0.0600,1.2500,3.0627,GLN32,HB2
610,17.4550,8.0150,14.9170,2.9600,0.2100,-0.5000,1.4900,7.8762,GLN45,O
611,17.4770,-8.2100,12.4350,3.7500,0.1050,0.5000,1.8500,14.9186,VAL34,C
612,17.5360,6.4060,17.8900,0.5000,0.0300,0.3000,1.2075,3.5497,ALA47,H
613,17.5510,-9.0400,11.1390,3.5000,0.0660,0.1400,1.8250,10.6390,VAL34,CA
614,17.5840,1.9590,14.8470,3.7500,0.1050,0.5000,1.8500,14.9186,LEU42,C
615,17.6230,-2.5550,29.3790,3.5000,0.0660,-0.0125,1.8000,16.2557,MET68,CE
616,17.6250,-13.6090,18.2840,2.9600,0.2100,-0.5000,1.4900,7.8762,GLN32,OE1
617,17.6260,14.7410,18.8410,2.5000,0.0300,0.0600,1.2500,3.0627,PRO49,HG3
618,17.6280,-11.1550,11.2710,0.5000,0.0300,0.3000,1.2075,3.5497,VAL34,H
619,17.6300,14.7810,19.9310,3.5000,0.0660,-0.1200,1.8000,12.0622,PRO49,CG
620,17.6450,3.7460,26.5860,3.5000,0.0660,-0.0050,1.8000,12.2725,PHE14,CB
621,17.6540,4.6580,23.9980,2.4200,0.0300,0.1150,1.2500,2.8482,PHE14,HD1
622,17.6740,6.8140,15.0820,3.7500,0.1050,0.5000,1.8500,14.9186,GLN45,C
623,17.6850,-13.2300,14.8040,3.5000,0.0660,0.1400,1.8250,10.6390,GLN32,CA
624,17.7010,-7.0030,12.3850,2.9600,0.2100,-0.5000,1.4900,7.8762,VAL34,O
625,17.7030,-5.2930,24.1280,2.5000,0.0300,0.0600,1.2500,3.0627,LEU64,HD21
626,17.7510,10.2940,24.0660,2.9600,0.2100,-0.5000,1.4900,7.8762,ASN48,OD1
627,17.8210,5.7890,11.2220,2.5000,0.0300,0.0600,1.2500,3.0627,GLN45,HG2
628,17.8940,1.4190,17.2710,3.5000,0.0660,0.1400,1.8250,10.6390,LEU43,CA
629,17.9230,-0.7130,17.6640,2.5000,0.0300,0.0600,1.2500,3.0627,LEU43,HB2
630,17.9340,4.7590,13.3060,2.5000,0.0300,0.0600,1.2500,3.0627,GLN45,HB3
631,17.9660,4.7870,26.5460,2.5000,0.0300,0.0600,1.2500,3.0627,PHE14,HB2
632,17.9790,1.6380,13.3920,3.5000,0.0660,0.1400,1.8250,10.6390,LEU42,CA
633,17.9820,11.2860,21.1390,3.7500,0.1050,0.5000,1.8500,14.5440,ASN48,C
634,18.0580,1.1740,15.8330,3.2500,0.1700,-0.5000,1.6000,5.1176,LEU43,N
635,18.1080,2.5720,12.8500,2.5000,0.0300,0.0600,1.2500,2.8676,LEU42,HA
636,18.1150,3.3270,27.4770,2.5000,0.0300,0.0600,1.2500,3.0627,PHE14,HB3
637,18.1160,3.4330,18.5590,2.9600,0.2100,-0.5000,1.4900,7.8762,LEU43,O
638,18.1190,3.6890,24.0890,3.5500,0.0700,-0.1150,1.8200,13.3599,PHE14,CD1
639,18.1210,12.5850,20.7690,3.2500,0.1700,-0.1400,1.6400,2.4762,PRO49,N
640,18.1540,-8.4830,10.4210,2.5000,0.0300,0.0600,1.2500,2.8676,VAL34,HA
641,18.2050,-10.3310,11.3700,3.2500,0.1700,-0.5000,1.6000,5.1176,VAL34,N
642,18.2060,3.0630,25.3480,3.5500,0.0700,-0.1150,1.7700,7.2521,PHE14,CG
643,18.2260,6.4290,12.0070,3.5000,0.0660,-0.1200,1.8000,11.7762,GLN45,CG
644,18.2470,-4.4240,20.2300,3.0700,0.1700,-0.5850,1.5400,8.2240,TYR22,OH
645,18.2550,-14.4700,15.5300,3.5000,0.0660,-0.1200,1.8000,12.0622,GLN32,CB
646,18.2740,0.2080,19.5810,3.5000,0.0660,-0.0600,1.8000,8.6942,LEU43,CG
647,18.2920,6.5970,20.2790,3.5000,0.0660,-0.1800,1.8000,15.6759,ALA47,CB
648,18.2950,-2.3190,30.2040,2.5000,0.0300,0.0600,1.2500,3.0627,MET68,HE2
649,18.3490,5.5090,20.2510,2.5000,0.0300,0.0600,1.2500,3.0627,ALA47,HB2
650,18.4190,0.1830,18.0400,3.5000,0.0660,-0.1200,1.8000,12.0622,LEU43,CB
651,18.4830,-2.9650,23.6320,2.5000,0.0300,0.0600,1.2500,3.0627,LEU64,HD11
652,18.4890,6.8990,21.3080,2.5000,0.0300,0.0600,1.2500,3.0627,ALA47,HB1
653,18.5270,-0.5030,27.6620,2.5000,0.0300,0.0600,1.2500,3.0627,MET68,HG2
654,18.5600,-2.8770,27.8620,3.6000,0.3550,-0.3350,1.9000,20.8365,MET68,SD
655,18.5680,-13.4790,12.3960,0.5000,0.0300,0.3000,1.2075,3.5497,GLU33,H
656,18.5750,-7.7030,15.3580,3.7500,0.1050,0.5000,1.8500,14.9186,LYS35,C
657,18.5800,-3.3860,13.5630,3.5000,0.0660,0.1400,1.8250,10.6390,MET38,CA
658,18.5840,3.5510,21.9840,2.4200,0.0300,0.1150,1.2500,2.8482,PHE14,HE1
659,18.5880,0.3540,15.5670,0.5000,0.0300,0.3000,1.2075,3.5497,LEU43,H
660,18.6330,2.6950,17.7220,3.7500,0.1050,0.5000,1.8500,14.9186,LEU43,C
661,18.6390,-2.5770,12.8330,2.5000,0.0300,0.0600,1.2500,2.8676,MET38,HA
662,18.6400,6.9500,9.5140,0.5000,0.0300,0.3800,1.2075,3.2596,GLN45,HE21
663,18.6440,-6.6450,15.9810,2.9600,0.2100,-0.5000,1.4900,7.8762,LYS35,O
664,18.6470,3.0610,22.9440,3.5500,0.0700,-0.1150,1.8200,12.8083,PHE14,CE1
665,18.6530,-1.6910,15.2420,2.9600,0.2100,-0.5000,1.4900,7.8762,MET38,O
666,18.6560,1.1530,19.9640,2.5000,0.0300,0.0600,1.2500,3.0627,LEU43,HG
667,18.6910,-4.7480,19.4560,0.5000,0.0300,0.4350,1.2075,3.6812,TYR22,HH
668,18.6970,-5.6660,23.8820,3.5000,0.0660,-0.1800,1.8000,15.9217,LEU64,CD2
669,18.6980,5.5200,13.1630,3.5000,0.0660,-0.1200,1.8000,12.0622,GLN45,CB
670,18.7030,9.4420,14.4310,0.5000,0.0300,0.3300,1.2900,2.7023,LYS52,HZ1
671,18.7050,-5.9220,22.8230,2.5000,0.0300,0.0600,1.2500,3.0627,LEU64,HD22
672,18.7110,-15.1380,14.7980,2.5000,0.0300,0.0600,1.2500,3.0627,GLN32,HB3
673,18.7150,-13.3290,17.7880,3.7500,0.1050,0.5000,1.8500,14.7997,GLN32,CD
674,18.7840,-12.4110,14.0980,3.7500,0.1050,0.5000,1.8500,14.9186,GLN32,C
675,18.8140,1.7950,25.4480,3.5500,0.0700,-0.1150,1.8200,13.3599,PHE14,CD2
676,18.8180,-1.8800,19.8680,2.5000,0.0300,0.0600,1.2500,3.0627,LEU43,HD22
677,18.8500,-6.5840,24.4500,2.5000,0.0300,0.0600,1.2500,3.0627,LEU64,HD23
678,18.8620,1.3020,26.4020,2.4200,0.0300,0.1150,1.2500,2.8482,PHE14,HD2
679,18.9250,8.6400,32.6110,2.5000,0.0300,0.0600,1.2500,2.8676,NMA73,3HA
680,18.9450,14.5110,26.2480,2.9600,0.2100,-0.8000,1.6000,10.5947,ASP50,OD2
681,18.9550,10.5630,21.3440,2.9600,0.2100,-0.5000,1.4900,7.8762,ASN48,O
682,18.9690,5.9080,33.4830,2.9600,0.2100,-0.5000,1.4900,7.8762,GLN72,O
683,18.9710,6.1900,14.5320,3.5000,0.0660,0.1400,1.8250,10.6390,GLN45,CA
684,18.9850,-5.4310,13.1860,0.5000,0.0300,0.3000,1.2075,3.5497,MET38,H
685,19.0260,-2.8180,14.9240,3.7500,0.1050,0.5000,1.8500,14.9186,MET38,C
686,19.0430,-0.8900,21.3060,2.5000,0.0300,0.0600,1.2500,3.0627,LEU43,HD21
687,19.0610,14.7590,20.4270,3.5000,0.0660,-0.1200,1.8000,12.0622,PRO49,CB
688,19.0660,-12.7080,12.8170,3.2500,0.1700,-0.5000,1.6000,5.1176,GLU33,N
689,19.0840,11.0490,14.3780,0.5000,0.0300,0.3300,1.2900,2.7023,LYS52,HZ2
690,19.0910,-11.7130,18.9640,0.5000,0.0300,0.3800,1.2075,3.2596,GLN32,HE22
691,19.1020,15.2260,21.4130,2.5000,0.0300,0.0600,1.2500,3.0627,PRO49,HB2
692,19.1030,6.9870,19.6630,2.5000,0.0300,0.0600,1.2500,3.0627,ALA47,HB3
693,19.1190,-13.0050,10.2480,2.5000,0.0300,0.0600,1.2500,3.0627,GLU33,HB3
694,19.1270,-0.8970,20.2190,3.5000,0.0660,-0.1800,1.8000,15.9217,LEU43,CD2
695,19.2300,-0.0020,12.9030,0.5000,0.0300,0.3000,1.2075,3.5497,LEU42,H
696,19.2560,0.9300,13.2920,3.2500,0.1700,-0.5000,1.6000,5.1176,LEU42,N
697,19.2690,1.8030,23.0540,3.5500,0.0700,-0.1150,1.8200,12.8083,PHE14,CZ
698,19.2750,13.1010,23.0810,0.5000,0.0300,0.3000,1.2075,3.5497,ASP50,H
699,19.2900,-14.1650,16.6380,3.5000,0.0660,-0.1200,1.8000,11.7762,GLN32,CG
700,19.3130,8.2070,23.3760,2.5000,0.0300,0.0600,1.2500,3.0627,CYS51,HB3
701,19.3140,-11.4800,14.7010,2.9600,0.2100,-0.5000,1.4900,7.8762,GLN32,O
702,19.3140,5.3490,29.3330,2.9600,0.2100,-0.5000,1.4900,7.8762,CYS71,O
703,19.3170,-1.2510,27.6030,3.5000,0.0660,0.0475,1.8000,12.6420,MET68,CG
704,19.3390,7.2900,11.3990,3.7500,0.1050,0.5000,1.8500,14.7997,GLN45,CD
705,19.3440,9.2890,16.7660,2.5000,0.0300,0.0600,1.2500,3.0627,LYS52,HD2
706,19.3470,7.4110,10.0700,3.2500,0.1700,-0.7600,1.6400,10.0211,GLN45,NE2
707,19.3490,1.1670,24.3070,3.5500,0.0700,-0.1150,1.8200,12.8083,PHE14,CE2
708,19.3980,-4.5110,13.1150,3.2500,0.1700,-0.5000,1.6000,5.1176,MET38,N
709,19.4090,13.2680,20.5100,3.5000,0.0660,0.0100,1.8250,10.3074,PRO49,CA
710,19.4310,10.1150,14.2210,3.2500,0.1700,-0.3000,1.8500,17.4537,LYS52,NZ
711,19.4340,-12.2860,18.2070,3.2500,0.1700,-0.7600,1.6400,10.0211,GLN32,NE2
712,19.4340,4.0770,31.6720,2.5000,0.0300,0.0600,1.2500,2.8676,GLN72,HA
713,19.4730,0.0570,17.7910,2.5000,0.0300,0.0600,1.2500,3.0627,LEU43,HB3
714,19.4930,-10.5080,11.7170,3.7500,0.1050,0.5000,1.8500,14.9186,GLU33,C
715,19.5020,-3.3090,23.4580,3.5000,0.0660,-0.1800,1.8000,15.9217,LEU64,CD1
716,19.5140,-5.5420,17.2500,0.5000,0.0300,0.4180,1.2075,4.1855,THR39,HG1
717,19.5260,5.1650,15.4170,3.2500,0.1700,-0.5000,1.6000,5.1176,GLN45,N
718,19.5350,-9.2790,14.5050,0.5000,0.0300,0.3000,1.2075,3.5497,ASN36,H
719,19.5660,4.2240,15.0490,0.5000,0.0300,0.3000,1.2075,3.5497,GLN45,H
720,19.5880,4.9790,12.8370,2.5000,0.0300,0.0600,1.2500,3.0627,GLN45,HB2
721,19.6320,-3.4330,22.3830,2.5000,0.0300,0.0600,1.2500,3.0627,LEU64,HD13
722,19.6480,-15.1050,17.0600,2.5000,0.0300,0.0600,1.2500,3.0627,GLN32,HG2
723,19.6600,-2.5840,17.5590,2.5000,0.0300,0.0600,1.2500,2.8676,THR39,HA
724,19.6680,-8.4130,15.0090,3.2500,0.1700,-0.5000,1.6000,5.1176,ASN36,N
725,19.6830,-4.4150,25.2790,2.5000,0.0300,0.0600,1.2500,3.0627,LEU64,HG
726,19.6850,-1.2290,26.5780,2.5000,0.0300,0.0600,1.2500,3.0627,MET68,HG3
727,19.6850,1.3270,22.1790,2.4200,0.0300,0.1150,1.2500,2.8482,PHE14,HZ
728,19.7050,8.2640,25.0770,2.5000,0.0300,0.0600,1.2500,3.0627,CYS51,HB2
729,19.7100,10.0110,13.2550,0.5000,0.0300,0.3300,1.2900,2.7023,LYS52,HZ3
730,19.7220,6.9700,14.4260,2.5000,0.0300,0.0600,1.2500,2.8676,GLN45,HA
731,19.7280,12.2880,25.4480,2.5000,0.0300,0.0600,1.2500,3.0627,ASP50,HB2
732,19.7370,15.3110,19.7720,2.5000,0.0300,0.0600,1.2500,3.0627,PRO49,HB3
733,19.7450,12.9290,19.5280,2.5000,0.0300,0.0600,1.2500,2.8676,PRO49,HA
734,19.7750,-4.6220,24.2130,3.5000,0.0660,-0.0600,1.8000,8.6942,LEU64,CG
735,19.8120,2.9670,17.1360,3.2500,0.1700,-0.5000,1.6000,5.1176,VAL44,N
736,19.8160,0.1970,24.3930,2.4200,0.0300,0.1150,1.2500,2.8482,PHE14,HE2
737,19.8240,5.9770,32.6000,3.7500,0.1050,0.5000,1.8500,14.9186,GLN72,C
738,19.8470,-3.5530,15.6990,3.2500,0.1700,-0.5000,1.6000,5.1176,THR39,N
739,19.8550,-5.1850,18.0600,3.1200,0.1700,-0.6830,1.4700,7.3296,THR39,OG1
740,19.8700,10.9550,16.8140,2.5000,0.0300,0.0600,1.2500,3.0627,LYS52,HD3
741,19.9080,14.4160,25.4570,3.7500,0.1050,0.7000,1.8750,15.1592,ASP50,CG
742,19.9320,10.5120,23.8260,0.5000,0.0300,0.3000,1.2075,3.5497,CYS51,H
743,19.9360,6.0650,26.9270,2.5000,0.0300,0.0600,1.2500,3.0627,CYS71,HB3
744,19.9660,-11.9560,11.9400,3.5000,0.0660,0.1400,1.8250,10.6390,GLU33,CA
745,19.9780,-6.9000,10.8370,2.5000,0.0300,0.0600,1.2500,3.0627,TRP37,HB2
746,19.9800,9.2380,19.1220,2.5000,0.0300,0.0600,1.2500,3.0627,LYS52,HB2
747,19.9900,8.4440,32.7450,3.5000,0.0660,0.0200,1.8250,18.6156,NMA73,CA
748,20.0280,-0.7990,29.5710,2.5000,0.0300,0.0600,1.2500,3.0627,MET68,HB3
749,20.0520,5.3720,16.6360,3.7500,0.1050,0.5000,1.8500,14.9186,VAL44,C
750,20.0650,6.4770,17.1770,2.9600,0.2100,-0.5000,1.4900,7.8762,VAL44,O
751,20.0730,7.9500,9.6220,0.5000,0.0300,0.3800,1.2075,3.2596,GLN45,HE22
752,20.1100,8.0120,24.0960,3.5000,0.0660,0.0980,1.8000,12.3962,CYS51,CB
753,20.1120,-12.7250,10.6060,3.5000,0.0660,-0.1200,1.8000,12.0622,GLU33,CB
754,20.1250,-4.4640,15.3640,0.5000,0.0300,0.3000,1.2075,3.5497,THR39,H
755,20.1550,2.3130,16.4480,0.5000,0.0300,0.3000,1.2075,3.5497,VAL44,H
756,20.1650,-2.5080,23.7820,2.5000,0.0300,0.0600,1.2500,3.0627,LEU64,HD12
757,20.1690,-13.6740,16.2190,2.5000,0.0300,0.0600,1.2500,3.0627,GLN32,HG3
758,20.1820,-0.7750,19.9690,2.5000,0.0300,0.0600,1.2500,3.0627,LEU43,HD23
759,20.1820,7.8410,12.1040,2.9600,0.2100,-0.5000,1.4900,7.8762,GLN45,OE1
760,20.1970,9.9420,16.5740,3.5000,0.0660,-0.1200,1.8000,12.0622,LYS52,CD
761,20.2230,8.4940,33.8090,2.5000,0.0300,0.0600,1.2500,2.8676,NMA73,1HA
762,20.2420,12.9740,22.8200,3.2500,0.1700,-0.5000,1.6000,5.1176,ASP50,N
763,20.2530,-11.1040,9.1440,2.5000,0.0300,0.0600,1.2500,3.0627,GLU33,HG2
764,20.2780,-9.5760,11.8870,2.9600,0.2100,-0.5000,1.4900,7.8762,GLU33,O
765,20.2960,-13.7320,7.9680,2.9600,0.2100,-0.8000,1.6000,10.5947,GLU33,OE1
766,20.3100,-12.0520,17.7600,0.5000,0.0300,0.3800,1.2075,3.2596,GLN32,HE21
767,20.3110,4.6780,31.9190,3.5000,0.0660,0.1400,1.8250,10.6390,GLN72,CA
768,20.3250,-5.3190,10.2210,2.5000,0.0300,0.0600,1.2500,3.0627,TRP37,HB3
769,20.3490,7.1460,32.1970,3.2500,0.1700,-0.5000,1.6000,5.1176,NMA73,N
770,20.4130,15.3650,24.8180,2.9600,0.2100,-0.8000,1.6000,10.5947,ASP50,OD1
771,20.4220,-3.1010,16.9720,3.5000,0.0660,0.1400,1.8250,10.6390,THR39,CA
772,20.4330,6.2250,24.0710,3.6000,0.3550,-0.2180,1.9000,20.9488,CYS51,SG
773,20.4570,-0.8950,28.5730,3.5000,0.0660,-0.1200,1.8000,12.0622,MET68,CB
774,20.4600,1.5050,13.4360,3.7500,0.1050,0.5000,1.8500,14.9186,THR41,C
775,20.4740,1.1510,27.8380,2.5000,0.0300,0.0600,1.2500,2.8676,MET68,HA
776,20.4950,4.4120,26.8030,2.5000,0.0300,0.0600,1.2500,3.0627,CYS71,HB2
777,20.5000,-7.6060,12.7800,0.5000,0.0300,0.3000,1.2075,3.5497,TRP37,H
778,20.5200,13.0210,25.2820,3.5000,0.0660,-0.2200,1.8000,11.2680,ASP50,CB
779,20.5310,5.2630,29.5010,3.7500,0.1050,0.5000,1.8500,14.9186,CYS71,C
780,20.5480,9.2300,32.2360,2.5000,0.0300,0.0600,1.2500,2.8676,NMA73,2HA
781,20.5560,13.0420,21.5140,3.7500,0.1050,0.5000,1.8500,14.9186,PRO49,C
782,20.5600,3.5560,33.7400,2.5000,0.0300,0.0600,1.2500,3.0627,GLN72,HB2
783,20.5740,-0.8010,11.3530,3.1200,0.1700,-0.6830,1.4700,7.3296,THR41,OG1
784,20.5870,9.8580,15.0940,3.5000,0.0660,0.1900,1.8250,12.5888,LYS52,CE
785,20.6030,2.6380,13.8950,2.9600,0.2100,-0.5000,1.4900,7.8762,THR41,O
786,20.6190,-4.4220,12.5630,3.7500,0.1050,0.5000,1.8500,14.9186,TRP37,C
787,20.6320,-13.6640,10.8020,2.5000,0.0300,0.0600,1.2500,3.0627,GLU33,HB2
788,20.6340,4.1540,17.3800,3.5000,0.0660,0.1400,1.8250,10.6390,VAL44,CA
789,20.6440,4.3770,18.4470,2.5000,0.0300,0.0600,1.2500,2.8676,VAL44,HA
790,20.6610,9.7590,21.4300,0.5000,0.0300,0.3000,1.2075,3.5497,LYS52,H
791,20.7780,-6.1650,10.7440,3.5000,0.0660,-0.1200,1.8000,12.2133,TRP37,CB
792,20.8280,5.4380,26.9590,3.5000,0.0660,0.0980,1.8000,12.3962,CYS71,CB
793,20.8390,-11.9620,9.4730,3.5000,0.0660,-0.2200,1.8000,11.5138,GLU33,CG
794,20.8410,-1.6060,11.7790,0.5000,0.0300,0.4180,1.2075,4.1855,THR41,HG1
795,20.9080,10.7040,19.2590,2.5000,0.0300,0.0600,1.2500,3.0627,LYS52,HB3
796,20.9240,10.3130,23.8400,3.2500,0.1700,-0.5000,1.6000,5.1176,CYS51,N
797,20.9300,-3.4030,19.7470,2.5000,0.0300,0.0600,1.2500,3.0627,THR39,HG23
798,20.9330,4.3000,22.0050,2.5000,0.0300,0.0600,1.2500,3.0627,LEU55,HD11
799,20.9420,-4.3330,17.7640,3.5000,0.0660,0.2050,1.8000,10.8157,THR39,CB
800,20.9460,-11.9110,12.4190,2.5000,0.0300,0.0600,1.2500,2.8676,GLU33,HA
801,20.9800,9.6510,18.9860,3.5000,0.0660,-0.1200,1.8000,12.0622,LYS52,CB
802,20.9860,8.8700,14.8640,2.5000,0.0300,0.0600,1.2500,2.8676,LYS52,HE3
803,21.0410,7.1270,31.4610,0.5000,0.0300,0.3000,1.2075,3.5497,NMA73,H
804,21.0510,-6.8210,13.1000,3.2500,0.1700,-0.5000,1.6000,5.1176,TRP37,N
805,21.0520,-7.9960,15.2800,3.5000,0.0660,0.1400,1.8250,10.6390,ASN36,CA
806,21.0720,4.9240,30.6870,3.2500,0.1700,-0.5000,1.6000,5.1176,GLN72,N
807,21.1110,-12.8220,8.2380,3.7500,0.1050,0.7000,1.8750,15.1592,GLU33,CD
808,21.1250,-7.6540,16.3150,2.5000,0.0300,0.0600,1.2500,2.8676,ASN36,HA
809,21.1670,-1.7210,28.6340,2.5000,0.0300,0.0600,1.2500,3.0627,MET68,HB2
810,21.1900,-5.1890,23.9350,3.5000,0.0660,-0.1200,1.8000,12.0622,LEU64,CB
811,21.1900,3.8700,32.9050,3.5000,0.0660,-0.1200,1.8000,12.0622,GLN72,CB
812,21.1920,0.4070,28.1790,3.5000,0.0660,0.1400,1.8250,10.6390,MET68,CA
813,21.1980,12.7670,23.9120,3.5000,0.0660,0.1400,1.8250,10.6390,ASP50,CA
814,21.2160,-3.3560,12.4200,2.9600,0.2100,-0.5000,1.4900,7.8762,TRP37,O
815,21.2270,-8.7610,9.6160,2.4200,0.0300,0.1150,1.2500,2.6131,TRP37,HD1
816,21.2440,12.8770,26.0850,2.5000,0.0300,0.0600,1.2500,3.0627,ASP50,HB3
817,21.2450,1.7480,30.1520,2.9600,0.2100,-0.5000,1.4900,7.8762,MET68,O
818,21.2540,-5.4490,22.8770,2.5000,0.0300,0.0600,1.2500,3.0627,LEU64,HB2
819,21.2900,-5.7390,12.1390,3.5000,0.0660,0.1400,1.8250,10.6390,TRP37,CA
820,21.3050,-6.1290,24.4770,2.5000,0.0300,0.0600,1.2500,3.0627,LEU64,HB3
821,21.3280,8.9070,23.7880,3.5000,0.0660,0.1400,1.8250,10.6390,CYS51,CA
822,21.3430,0.9860,10.8530,2.5000,0.0300,0.0600,1.2500,3.0627,THR41,HB
823,21.3530,9.5400,17.4980,3.5000,0.0660,-0.1200,1.8000,12.3080,LYS52,CG
824,21.3720,-0.9200,14.2740,0.5000,0.0300,0.3000,1.2075,3.5497,THR41,H
825,21.3720,10.5800,14.8660,2.5000,0.0300,0.0600,1.2500,2.8676,LYS52,HE2
826,21.3810,5.5320,20.8350,2.5000,0.0300,0.0600,1.2500,3.0627,LEU55,HD12
827,21.4400,9.1210,21.3170,3.2500,0.1700,-0.5000,1.6000,5.1176,LYS52,N
828,21.4890,-6.8340,14.3720,3.7500,0.1050,0.5000,1.8500,14.9186,ASN36,C
829,21.4950,5.5770,28.3420,3.5000,0.0660,0.1400,1.8250,10.6390,CYS71,CA
830,21.5040,2.9450,32.4240,2.5000,0.0300,0.0600,1.2500,3.0627,GLN72,HB3
831,21.5580,3.8190,20.4420,2.5000,0.0300,0.0600,1.2500,3.0627,LEU55,HD13
832,21.5730,-10.1200,17.2150,2.9600,0.2100,-0.5000,1.4900,7.8762,ASN36,OD1
833,21.5960,-3.9940,19.1180,3.5000,0.0660,-0.1800,1.8000,15.9217,THR39,CG2
834,21.5980,-2.1380,16.7100,3.7500,0.1050,0.5000,1.8500,14.9186,THR39,C
835,21.6060,0.1550,11.5080,3.5000,0.0660,0.2050,1.8000,10.8157,THR41,CB
836,21.6540,8.5180,17.2720,2.5000,0.0300,0.0600,1.2500,3.0627,LYS52,HG3
837,21.6570,-4.8970,17.1650,2.5000,0.0300,0.0600,1.2500,3.0627,THR39,HB
838,21.6580,4.5570,21.2360,3.5000,0.0660,-0.1800,1.8000,15.9217,LEU55,CD1
839,21.6880,0.7170,12.9570,3.5000,0.0660,0.1400,1.8250,10.6390,THR41,CA
840,21.7040,12.9040,21.0910,2.9600,0.2100,-0.5000,1.4900,7.8762,PRO49,O
841,21.7440,-2.8430,26.1140,2.9600,0.2100,-0.5000,1.4900,7.8762,LEU64,O
842,21.7470,-1.1490,17.4250,2.9600,0.2100,-0.5000,1.4900,7.8762,THR39,O
843,21.7530,6.6290,28.4650,2.5000,0.0300,0.0600,1.2500,2.8676,CYS71,HA
844,21.7840,11.3460,23.8930,3.7500,0.1050,0.5000,1.8500,14.9186,ASP50,C
845,21.7880,-11.5730,9.8440,2.5000,0.0300,0.0600,1.2500,3.0627,GLU33,HG3
846,21.8230,-6.6970,9.8110,3.5500,0.0700,0.0750,1.7700,6.2925,TRP37,CG
847,21.8270,5.9120,25.5250,3.6000,0.3550,-0.2180,1.9000,20.9488,CYS71,SG
848,21.8500,-4.9010,19.6670,2.5000,0.0300,0.0600,1.2500,3.0627,THR39,HG21
849,21.8760,7.8440,19.7400,2.5000,0.0300,0.0600,1.2500,2.8676,LYS52,HA
850,21.8810,0.9860,29.4280,3.7500,0.1050,0.5000,1.8500,14.9186,MET68,C
851,21.9100,-7.9670,9.3560,3.5500,0.0700,-0.1150,1.8500,16.2731,TRP37,CD1
852,21.9290,8.5320,22.4210,3.7500,0.1050,0.5000,1.8500,14.9186,CYS51,C
853,21.9290,8.9130,19.9530,3.5000,0.0660,0.1400,1.8250,10.6390,LYS52,CA
854,21.9310,-9.5600,14.0450,2.5000,0.0300,0.0600,1.2500,3.0627,ASN36,HB2
855,21.9480,-10.3110,16.0610,3.7500,0.1050,0.5000,1.8500,14.7997,ASN36,CG
856,22.0210,13.4750,23.7880,2.5000,0.0300,0.0600,1.2500,2.8676,ASP50,HA
857,22.0490,-9.1610,15.0540,3.5000,0.0660,-0.1200,1.8000,11.5305,ASN36,CB
858,22.0520,3.6560,15.8180,2.5000,0.0300,0.0600,1.2500,3.0627,VAL44,HB
859,22.0780,4.8540,30.7460,0.5000,0.0300,0.3000,1.2075,3.5497,GLN72,H
860,22.0840,3.8670,16.8870,3.5000,0.0660,-0.0600,1.8000,8.4485,VAL44,CB
861,22.0860,8.7380,24.5540,2.5000,0.0300,0.0600,1.2500,2.8676,CYS51,HA
862,22.0910,-0.3000,13.9300,3.2500,0.1700,-0.5000,1.6000,5.1176,THR41,N
863,22.1140,1.7160,17.3350,2.5000,0.0300,0.0600,1.2500,3.0627,VAL44,HG23
864,22.1280,-12.5360,7.5690,2.9600,0.2100,-0.8000,1.6000,10.5947,GLU33,OE2
865,22.1450,0.0980,27.1120,3.2500,0.1700,-0.5000,1.6000,5.1176,MET68,N
866,22.1500,5.4780,34.0300,2.5000,0.0300,0.0600,1.2500,3.0627,GLN72,HG3
867,22.1860,-5.9370,14.8410,2.9600,0.2100,-0.5000,1.4900,7.8762,ASN36,O
868,22.2180,0.6340,23.7020,2.5000,0.0300,0.0600,1.2500,3.0627,MET67,HB3
869,22.2200,-3.2530,15.1380,0.5000,0.0300,0.3000,1.2075,3.5497,GLU40,H
870,22.2220,10.1650,17.2890,2.5000,0.0300,0.0600,1.2500,3.0627,LYS52,HG2
871,22.2420,-12.3160,16.2430,0.5000,0.0300,0.3800,1.2075,3.2596,ASN36,HD22
872,22.2750,-11.5270,15.6160,3.2500,0.1700,-0.7600,1.6400,10.0211,ASN36,ND2
873,22.3060,-3.3550,23.6840,2.5000,0.0300,0.0600,1.2500,2.8676,LEU64,HA
874,22.3610,-4.0140,28.4950,2.5000,0.0300,0.0600,1.2500,2.8676,GLU65,HA
875,22.3650,-5.5520,12.0890,2.5000,0.0300,0.0600,1.2500,2.8676,TRP37,HA
876,22.3650,-3.8480,25.7720,3.7500,0.1050,0.5000,1.8500,14.9186,LEU64,C
877,22.3690,2.1800,26.2560,2.9600,0.2100,-0.5000,1.4900,7.8762,MET67,O
878,22.3810,-4.2630,24.2840,3.5000,0.0660,0.1400,1.8250,10.6390,LEU64,CA
879,22.4130,-2.4230,15.6800,3.2500,0.1700,-0.5000,1.6000,5.1176,GLU40,N
880,22.4330,-0.8680,27.0250,0.5000,0.0300,0.3000,1.2075,3.5497,MET68,H
881,22.4380,4.5910,33.4650,3.5000,0.0660,-0.1200,1.8000,11.7762,GLN72,CG
882,22.4660,-0.9970,24.2420,2.5000,0.0300,0.0600,1.2500,3.0627,MET67,HB2
883,22.4750,1.4730,12.9210,2.5000,0.0300,0.0600,1.2500,2.8676,THR41,HA
884,22.5220,-3.4320,18.9950,2.5000,0.0300,0.0600,1.2500,3.0627,THR39,HG22
885,22.5690,-11.6500,14.6580,0.5000,0.0300,0.3800,1.2075,3.2596,ASN36,HD21
886,22.5820,3.7580,28.3640,0.5000,0.0300,0.3000,1.2075,3.5497,CYS71,H
887,22.6670,2.9300,23.1800,2.5000,0.0300,0.0600,1.2500,3.0627,LEU55,HD21
888,22.6700,0.9870,26.2490,3.7500,0.1050,0.5000,1.8500,14.9186,MET67,C
889,22.6860,2.6160,17.5610,3.5000,0.0660,-0.1800,1.8000,15.9217,VAL44,CG2
890,22.6890,3.0580,35.2990,2.9600,0.2100,-0.5000,1.4900,7.8762,GLN72,OE1
891,22.7080,4.7590,28.4080,3.2500,0.1700,-0.5000,1.6000,5.1176,CYS71,N
892,22.7170,2.7230,18.6460,2.5000,0.0300,0.0600,1.2500,3.0627,VAL44,HG22
893,22.7620,5.9070,16.4280,2.5000,0.0300,0.0600,1.2500,3.0627,VAL44,HG12
894,22.8220,-0.7190,9.9240,2.5000,0.0300,0.0600,1.2500,3.0627,THR41,HG21
895,22.8600,-3.9130,9.8420,2.4200,0.0300,0.1150,1.2500,2.8482,TRP37,HE3
896,22.8650,7.7410,22.3790,2.9600,0.2100,-0.5000,1.4900,7.8762,CYS51,O
897,22.9160,-0.4470,10.9760,3.5000,0.0660,-0.1800,1.8000,15.9217,THR41,CG2
898,22.9260,-5.9710,9.1870,3.5500,0.0700,-0.0550,1.8750,11.0417,TRP37,CD2
899,22.9690,-0.8040,21.3020,3.6000,0.3550,-0.3350,1.9000,20.8365,MET67,SD
900,22.9920,-0.0740,24.0000,3.5000,0.0660,-0.1200,1.8000,12.0622,MET67,CB
901,22.9930,-8.0820,8.5100,3.2500,0.1700,-0.5700,1.6400,5.8938,TRP37,NE1
902,23.0050,11.1980,23.8870,2.9600,0.2100,-0.5000,1.4900,7.8762,ASP50,O
903,23.0270,5.4250,18.0930,2.5000,0.0300,0.0600,1.2500,3.0627,VAL44,HG13
904,23.0360,5.0670,17.0660,3.5000,0.0660,-0.1800,1.8000,15.9217,VAL44,CG1
905,23.0690,4.9390,32.6470,2.5000,0.0300,0.0600,1.2500,3.0627,GLN72,HG2
906,23.0740,-8.7900,15.1150,2.5000,0.0300,0.0600,1.2500,3.0627,ASN36,HB3
907,23.0820,4.5620,21.8100,3.5000,0.0660,-0.0600,1.8000,8.6942,LEU55,CG
908,23.1040,-4.5710,26.6330,3.2500,0.1700,-0.5000,1.6000,5.1176,GLU65,N
909,23.1140,5.2830,22.6240,2.5000,0.0300,0.0600,1.2500,3.0627,LEU55,HG
910,23.1630,10.9040,21.0570,0.5000,0.0300,0.3000,1.2075,3.5497,THR53,H
911,23.1710,0.6760,29.6570,3.2500,0.1700,-0.5000,1.6000,5.1176,THR69,N
912,23.1810,-6.2850,28.6650,2.5000,0.0300,0.0600,1.2500,3.0627,GLU65,HB2
913,23.1980,-1.3490,11.5210,2.5000,0.0300,0.0600,1.2500,3.0627,THR41,HG23
914,23.2370,-8.9520,8.0560,0.5000,0.0300,0.4200,1.2075,3.2596,TRP37,HE1
915,23.2460,3.6950,34.4080,3.7500,0.1050,0.5000,1.8500,14.7997,GLN72,CD
916,23.3270,-4.2400,28.0390,3.5000,0.0660,0.1400,1.8250,10.6390,GLU65,CA
917,23.3500,-0.5080,14.3600,3.7500,0.1050,0.5000,1.8500,14.9186,GLU40,C
918,23.3720,2.4170,21.6480,2.5000,0.0300,0.0600,1.2500,3.0627,LEU55,HD22
919,23.3840,-4.6320,9.2300,3.5500,0.0700,-0.1150,1.8200,12.1826,TRP37,CE3
920,23.3930,9.3600,19.7640,3.7500,0.1050,0.5000,1.8500,14.9186,LYS52,C
921,23.3980,3.1910,22.4150,3.5000,0.0660,-0.1800,1.8000,15.9217,LEU55,CD2
922,23.4050,1.3360,31.6470,2.5000,0.0300,0.0600,1.2500,2.8676,THR69,HA
923,23.4930,-4.7080,30.7260,2.5000,0.0300,0.0600,1.2500,3.0627,GLU65,HG3
924,23.5800,13.0030,20.2700,0.5000,0.0300,0.4180,1.2075,4.1855,THR53,HG1
925,23.5860,-5.8900,23.6120,0.5000,0.0300,0.3000,1.2075,3.5497,LEU64,H
926,23.5920,9.7280,26.2000,2.5000,0.0300,0.0600,1.2500,3.0627,ILE54,HD12
927,23.5980,-5.3740,26.2720,0.5000,0.0300,0.3000,1.2075,3.5497,GLU65,H
928,23.6190,0.0270,29.0260,0.5000,0.0300,0.3000,1.2075,3.5497,THR69,H
929,23.6230,-1.6790,15.3270,3.5000,0.0660,0.1400,1.8250,10.6390,GLU40,CA
930,23.6370,-4.9240,23.8990,3.2500,0.1700,-0.5000,1.6000,5.1176,LEU64,N
931,23.6560,-6.8810,8.3620,3.5500,0.0700,0.1300,1.8500,10.7391,TRP37,CE2
932,23.7010,5.8580,20.2010,2.5000,0.0300,0.0600,1.2500,3.0627,LEU55,HB2
933,23.7040,2.4350,17.2170,2.5000,0.0300,0.0600,1.2500,3.0627,VAL44,HG21
934,23.7230,0.4690,25.2480,3.5000,0.0660,0.1400,1.8250,10.6390,MET67,CA
935,23.7390,0.2640,11.0590,2.5000,0.0300,0.0600,1.2500,3.0627,THR41,HG22
936,23.8260,10.4240,20.4640,3.2500,0.1700,-0.5000,1.6000,5.1176,THR53,N
937,23.8970,-0.3010,22.7780,3.5000,0.0660,0.0475,1.8000,12.6420,MET67,CG
938,23.9030,-1.1020,19.0920,2.5000,0.0300,0.0600,1.2500,3.0627,MET67,HE1
939,23.9160,-5.4820,28.7450,3.5000,0.0660,-0.1200,1.8000,12.0622,GLU65,CB
940,23.9530,-2.1800,29.0810,2.9600,0.2100,-0.5000,1.4900,7.8762,GLU65,O
941,23.9700,5.2220,28.4660,3.7500,0.1050,0.5000,1.8500,14.9186,ALA70,C
942,23.9960,1.2380,30.7340,3.5000,0.0660,0.1400,1.8250,10.6390,THR69,CA
943,24.0640,4.8020,16.8140,2.5000,0.0300,0.0600,1.2500,3.0627,VAL44,HG11
944,24.0770,-1.2610,16.2260,2.5000,0.0300,0.0600,1.2500,2.8676,GLU40,HA
945,24.0910,4.9820,20.7200,3.5000,0.0660,-0.1200,1.8000,12.0622,LEU55,CB
946,24.0940,-4.4870,15.6900,2.5000,0.0300,0.0600,1.2500,3.0627,GLU40,HG2
947,24.1270,8.7100,19.0230,2.9600,0.2100,-0.5000,1.4900,7.8762,LYS52,O
948,24.1330,4.1870,19.9740,2.5000,0.0300,0.0600,1.2500,3.0627,LEU55,HB3
949,24.1750,-2.9740,13.6750,2.5000,0.0300,0.0600,1.2500,3.0627,GLU40,HB2
950,24.2220,-1.3760,30.8450,0.5000,0.0300,0.4180,1.2075,4.1855,THR69,HG1
951,24.2360,-3.0050,28.2150,3.7500,0.1050,0.5000,1.8500,14.9186,GLU65,C
952,24.2370,6.4210,28.5270,2.9600,0.2100,-0.5000,1.4900,7.8762,ALA70,O
953,24.2890,-5.2650,30.2300,3.5000,0.0660,-0.2200,1.8000,11.5138,GLU65,CG
954,24.2910,0.2080,14.0150,2.9600,0.2100,-0.5000,1.4900,7.8762,GLU40,O
955,24.2990,-0.8400,20.0720,3.5000,0.0660,-0.0125,1.8000,16.2557,MET67,CE
956,24.3630,1.3050,24.9610,2.5000,0.0300,0.0600,1.2500,2.8676,MET67,HA
957,24.3770,3.1700,22.8910,2.5000,0.0300,0.0600,1.2500,3.0627,LEU55,HD23
958,24.4010,-1.5350,25.4700,0.5000,0.0300,0.3000,1.2075,3.5497,MET67,H
959,24.4510,0.6080,22.5490,2.5000,0.0300,0.0600,1.2500,3.0627,MET67,HG2
960,24.4540,6.6630,14.7420,2.5000,0.0300,0.0600,1.2500,2.8676,LYS56,HE2
961,24.4680,-7.6480,30.4140,2.9600,0.2100,-0.8000,1.6000,10.5947,GLU65,OE1
962,24.4930,-6.5570,31.0250,3.7500,0.1050,0.7000,1.8750,15.1592,GLU65,CD
963,24.4970,8.2360,24.4150,2.5000,0.0300,0.0600,1.2500,3.0627,ILE54,HB
964,24.5020,13.2160,20.2150,3.1200,0.1700,-0.6830,1.4700,7.3296,THR53,OG1
965,24.5100,-4.2220,8.4880,3.5500,0.0700,-0.1150,1.8200,12.8083,TRP37,CZ3
966,24.5150,2.1620,28.3630,0.5000,0.0300,0.3000,1.2075,3.5497,ALA70,H
967,24.5150,2.6360,30.3350,3.7500,0.1050,0.5000,1.8500,14.9186,THR69,C
968,24.5450,-0.5990,25.8260,3.2500,0.1700,-0.5000,1.6000,5.1176,MET67,N
969,24.5660,3.6410,34.2220,3.2500,0.1700,-0.7600,1.6400,10.0211,GLN72,NE2
970,24.6060,-2.6520,14.6250,3.5000,0.0660,-0.1200,1.8000,12.0622,GLU40,CB
971,24.6090,9.9060,26.5490,3.5000,0.0660,-0.1800,1.8000,15.9217,ILE54,CD1
972,24.6150,7.1230,21.8980,0.5000,0.0300,0.3000,1.2075,3.5497,LEU55,H
973,24.6390,10.9110,26.9700,2.5000,0.0300,0.0600,1.2500,3.0627,ILE54,HD11
974,24.6500,-1.0560,22.9860,2.5000,0.0300,0.0600,1.2500,3.0627,MET67,HG3
975,24.6570,9.6540,22.6420,0.5000,0.0300,0.3000,1.2075,3.5497,ILE54,H
976,24.6840,2.9040,29.0290,3.2500,0.1700,-0.5000,1.6000,5.1176,ALA70,N
977,24.6930,-6.4310,32.2530,2.9600,0.2100,-0.8000,1.6000,10.5947,GLU65,OE2
978,24.7080,-0.9270,31.5240,3.1200,0.1700,-0.6830,1.4700,7.3296,THR69,OG1
979,24.7190,12.3520,22.0470,2.5000,0.0300,0.0600,1.2500,3.0627,THR53,HB
980,24.7260,3.4760,31.2070,2.9600,0.2100,-0.5000,1.4900,7.8762,THR69,O
981,24.7660,3.7360,26.3710,2.5000,0.0300,0.0600,1.2500,3.0627,ALA70,HB3
982,24.7820,-6.4830,7.6190,3.5500,0.0700,-0.1150,1.8200,12.4610,TRP37,CZ2
983,24.7820,0.1350,20.0000,2.5000,0.0300,0.0600,1.2500,3.0627,MET67,HE2
984,24.8010,-5.8310,28.2100,2.5000,0.0300,0.0600,1.2500,3.0627,GLU65,HB3
985,24.8100,9.2100,27.3630,2.5000,0.0300,0.0600,1.2500,3.0627,ILE54,HD13
986,24.8180,6.6840,12.4040,0.5000,0.0300,0.3300,1.2900,2.7023,LYS56,HZ2
987,24.8300,8.2760,14.1610,2.5000,0.0300,0.0600,1.2500,2.8676,LYS56,HE3
988,24.8400,-4.3260,23.9500,3.7500,0.1050,0.5000,1.8500,14.9186,THR63,C
989,24.8400,-3.1940,8.5380,2.4200,0.0300,0.1150,1.2500,2.8482,TRP37,HZ3
990,24.9650,-3.1490,24.2840,2.9600,0.2100,-0.5000,1.4900,7.8762,THR63,O
991,24.9850,-3.9250,15.4200,3.5000,0.0660,-0.2200,1.8000,11.5138,GLU40,CG
992,24.9850,4.1410,33.4510,0.5000,0.0300,0.3800,1.2075,3.2596,GLN72,HE21
993,25.0470,-1.5820,20.3430,2.5000,0.0300,0.0600,1.2500,3.0627,MET67,HE3
994,25.1160,4.1920,28.4920,3.5000,0.0660,0.1400,1.8250,10.6390,ALA70,CA
995,25.1310,3.0600,34.8230,0.5000,0.0300,0.3800,1.2075,3.2596,GLN72,HE22
996,25.1940,-4.6630,30.3160,2.5000,0.0300,0.0600,1.2500,3.0627,GLU65,HG2
997,25.1980,0.2870,30.9930,3.5000,0.0660,0.2050,1.8000,10.8157,THR69,CB
998,25.2060,10.9220,20.4660,3.5000,0.0660,0.1400,1.8250,10.6390,THR53,CA
999,25.2090,-5.1440,7.6840,3.5500,0.0700,-0.1150,1.8200,12.8083,TRP37,CH2
1000,25.2160,12.3500,21.0760,3.5000,0.0660,0.2050,1.8000,10.8157,THR53,CB
1001,25.2460,7.2790,14.3150,3.5000,0.0660,0.1900,1.8250,12.5888,LYS56,CE
1002,25.2770,-2.8420,27.3760,3.2500,0.1700,-0.5000,1.6000,5.1176,GLU66,N
1003,25.2790,7.3750,17.0890,2.5000,0.0300,0.0600,1.2500,3.0627,LYS56,HG2
1004,25.3120,-7.1970,7.0060,2.4200,0.0300,0.1150,1.2500,2.8482,TRP37,HZ2
1005,25.4560,-3.5690,26.6950,0.5000,0.0300,0.3000,1.2075,3.5497,GLU66,H
1006,25.4610,10.6020,24.7220,2.5000,0.0300,0.0600,1.2500,3.0627,ILE54,HG13
1007,25.4660,-0.4330,26.7950,3.7500,0.1050,0.5000,1.8500,14.9186,GLU66,C
1008,25.4840,6.6030,21.9280,3.2500,0.1700,-0.5000,1.6000,5.1176,LEU55,N
1009,25.5130,5.3190,21.2170,3.5000,0.0660,0.1400,1.8250,10.6390,LEU55,CA
1010,25.5260,-2.1270,14.3630,2.5000,0.0300,0.0600,1.2500,3.0627,GLU40,HB3
1011,25.5310,7.2810,26.5040,2.5000,0.0300,0.0600,1.2500,3.0627,ILE54,HG21
1012,25.5470,8.4280,24.6390,3.5000,0.0660,-0.0600,1.8000,8.4485,ILE54,CB
1013,25.5690,-4.5800,14.7730,2.5000,0.0300,0.0600,1.2500,3.0627,GLU40,HG3
1014,25.5800,10.9610,19.4400,2.5000,0.0300,0.0600,1.2500,2.8676,THR53,HA
1015,25.5880,3.9670,27.0500,3.5000,0.0660,-0.1800,1.8000,15.6759,ALA70,CB
1016,25.6100,9.4260,22.3940,3.2500,0.1700,-0.5000,1.6000,5.1176,ILE54,N
1017,25.6270,6.7160,13.0090,3.2500,0.1700,-0.3000,1.8500,17.4537,LYS56,NZ
1018,25.6270,9.7710,25.4060,3.5000,0.0660,-0.1200,1.8000,12.3080,ILE54,CG1
1019,25.6770,8.9510,16.4630,2.5000,0.0300,0.0600,1.2500,3.0627,LYS56,HG3
1020,25.7170,0.0710,30.0580,2.5000,0.0300,0.0600,1.2500,3.0627,THR69,HB
1021,25.7340,0.6670,27.2710,2.9600,0.2100,-0.5000,1.4900,7.8762,GLU66,O
1022,25.7540,1.0100,32.9810,2.5000,0.0300,0.0600,1.2500,3.0627,THR69,HG23
1023,25.7670,-6.7020,25.0900,2.5000,0.0300,0.0600,1.2500,3.0627,THR63,HB
1024,25.7980,-3.7040,16.7000,3.7500,0.1050,0.7000,1.8750,15.1592,GLU40,CD
1025,25.8100,6.3100,25.0880,2.5000,0.0300,0.0600,1.2500,3.0627,ILE54,HG22
1026,25.8370,-5.8700,22.8140,2.5000,0.0300,0.0600,1.2500,2.8676,THR63,HA
1027,25.8680,4.5450,21.8990,2.5000,0.0300,0.0600,1.2500,2.8676,LEU55,HA
1028,25.9450,4.5780,29.0890,2.5000,0.0300,0.0600,1.2500,2.8676,ALA70,HA
1029,25.9860,5.7810,13.1360,0.5000,0.0300,0.3300,1.2900,2.7023,LYS56,HZ1
1030,26.0300,7.2760,25.5400,3.5000,0.0660,-0.1800,1.8000,15.9217,ILE54,CG2
1031,26.0730,-4.8230,7.1200,2.4200,0.0300,0.1150,1.2500,2.8482,TRP37,HH2
1032,26.0770,-2.5330,17.0430,2.9600,0.2100,-0.8000,1.6000,10.5947,GLU40,OE1
1033,26.0820,7.9520,16.6290,3.5000,0.0660,-0.1200,1.8000,12.3080,LYS56,CG
1034,26.0880,-5.1680,23.6130,3.5000,0.0660,0.1400,1.8250,10.6390,THR63,CA
1035,26.1090,4.8430,26.6780,2.5000,0.0300,0.0600,1.2500,3.0627,ALA70,HB1
1036,26.1220,9.9870,21.2850,3.7500,0.1050,0.5000,1.8500,14.9186,THR53,C
1037,26.1430,-4.7330,17.3190,2.9600,0.2100,-0.8000,1.6000,10.5947,GLU40,OE2
1038,26.1460,7.3150,19.7140,0.5000,0.0300,0.3000,1.2075,3.5497,LYS56,H
1039,26.1750,-1.6790,27.3580,3.5000,0.0660,0.1400,1.8250,10.6390,GLU66,CA
1040,26.2250,0.7940,32.0220,3.5000,0.0660,-0.1800,1.8000,15.9217,THR69,CG2
1041,26.2390,-3.7680,21.1440,2.9600,0.2100,-0.5000,1.4900,7.8762,ALA62,O
1042,26.3000,3.1490,26.9910,2.5000,0.0300,0.0600,1.2500,3.0627,ALA70,HB2
1043,26.3210,8.5110,23.2900,3.5000,0.0660,0.1400,1.8250,10.6390,ILE54,CA
1044,26.3390,7.2940,12.5850,0.5000,0.0300,0.3300,1.2900,2.7023,LYS56,HZ3
1045,26.4470,7.3390,15.2680,3.5000,0.0660,-0.1200,1.8000,12.0622,LYS56,CD
1046,26.4620,5.3360,20.0030,3.7500,0.1050,0.5000,1.8500,14.9186,LEU55,C
1047,26.5000,7.1220,22.6390,3.7500,0.1050,0.5000,1.8500,14.9186,ILE54,C
1048,26.5090,-1.4610,28.3740,2.5000,0.0300,0.0600,1.2500,2.8676,GLU66,HA
1049,26.5430,14.0090,21.5790,2.5000,0.0300,0.0600,1.2500,3.0627,THR53,HG21
1050,26.5510,-5.9780,24.8640,3.5000,0.0660,0.2050,1.8000,10.8157,THR63,CB
1051,26.6150,12.9760,21.2360,3.5000,0.0660,-0.1800,1.8000,15.9217,THR53,CG2
1052,26.6350,9.9120,25.7970,2.5000,0.0300,0.0600,1.2500,3.0627,ILE54,HG12
1053,26.6570,2.1940,22.9490,2.5000,0.0300,0.0600,1.2500,3.0627,LEU58,HD12
1054,26.6630,6.5120,19.3820,3.2500,0.1700,-0.5000,1.6000,5.1176,LYS56,N
1055,26.6820,-5.1800,26.0200,3.1200,0.1700,-0.6830,1.4700,7.3296,THR63,OG1
1056,26.7250,1.7010,31.6850,2.5000,0.0300,0.0600,1.2500,3.0627,THR69,HG22
1057,26.7750,2.7240,24.6200,2.5000,0.0300,0.0600,1.2500,3.0627,LEU58,HD11
1058,26.8440,6.3330,15.4120,2.5000,0.0300,0.0600,1.2500,3.0627,LYS56,HD3
1059,27.0050,0.0510,32.1930,2.5000,0.0300,0.0600,1.2500,3.0627,THR69,HG21
1060,27.0320,-0.9280,21.4780,2.5000,0.0300,0.0600,1.2500,3.0627,ALA62,HB3
1061,27.0350,4.3000,19.6670,2.9600,0.2100,-0.5000,1.4900,7.8762,LEU55,O
1062,27.0520,8.8270,18.3450,2.5000,0.0300,0.0600,1.2500,3.0627,LYS56,HB2
1063,27.0720,-2.4860,25.5610,2.5000,0.0300,0.0600,1.2500,3.0627,GLU66,HB2
1064,27.1040,7.3310,25.7230,2.5000,0.0300,0.0600,1.2500,3.0627,ILE54,HG23
1065,27.1490,-3.6310,21.9620,3.7500,0.1050,0.5000,1.8500,14.9186,ALA62,C
1066,27.1600,12.9780,20.2920,2.5000,0.0300,0.0600,1.2500,3.0627,THR53,HG23
1067,27.1660,-4.2880,23.1360,3.2500,0.1700,-0.5000,1.6000,5.1176,THR63,N
1068,27.2200,12.4430,21.9690,2.5000,0.0300,0.0600,1.2500,3.0627,THR53,HG22
1069,27.2460,7.9250,14.8120,2.5000,0.0300,0.0600,1.2500,3.0627,LYS56,HD2
1070,27.2690,9.7650,20.8960,2.9600,0.2100,-0.5000,1.4900,7.8762,THR53,O
1071,27.2750,8.0650,17.5960,3.5000,0.0660,-0.1200,1.8000,12.0622,LYS56,CB
1072,27.3170,8.9130,23.4840,2.5000,0.0300,0.0600,1.2500,2.8676,ILE54,HA
1073,27.3440,2.3090,23.7890,3.5000,0.0660,-0.1800,1.8000,15.9217,LEU58,CD1
1074,27.4000,-1.9730,26.4620,3.5000,0.0660,-0.1200,1.8000,12.0622,GLU66,CB
1075,27.4340,-4.6140,25.9050,0.5000,0.0300,0.4180,1.2075,4.1855,THR63,HG1
1076,27.5790,6.5470,22.7600,2.9600,0.2100,-0.5000,1.4900,7.8762,ILE54,O
1077,27.5900,5.9130,17.5970,2.5000,0.0300,0.0600,1.2500,2.8676,LYS56,HA
1078,27.6310,6.7400,18.3080,3.5000,0.0660,0.1400,1.8250,10.6390,LYS56,CA
1079,27.6730,-1.1830,23.0990,2.5000,0.0300,0.0600,1.2500,3.0627,ALA62,HB1
1080,27.6780,1.3120,24.0800,2.5000,0.0300,0.0600,1.2500,3.0627,LEU58,HD13
1081,27.7910,-7.4780,23.8780,2.5000,0.0300,0.0600,1.2500,3.0627,THR63,HG22
1082,27.8330,-1.0380,26.1040,2.5000,0.0300,0.0600,1.2500,3.0627,GLU66,HB3
1083,27.8590,-6.7680,24.6970,3.5000,0.0660,-0.1800,1.8000,15.9217,THR63,CG2
1084,27.8980,-2.3940,17.4100,0.5000,0.0300,0.3000,1.2075,3.5497,GLY61,H
1085,27.9080,-1.2610,22.0360,3.5000,0.0660,-0.1800,1.8000,15.6759,ALA62,CB
1086,27.9270,-0.3400,16.5590,2.5000,0.0300,0.0600,1.2500,2.8676,PRO60,HA
1087,27.9450,-4.1230,23.7660,0.5000,0.0300,0.3000,1.2075,3.5497,THR63,H
1088,28.0140,-2.1610,19.6280,0.5000,0.0300,0.3000,1.2075,3.5497,ALA62,H
1089,28.0740,0.1110,14.2740,2.5000,0.0300,0.0600,1.2500,3.0627,PRO60,HB3
1090,28.0860,-7.3390,25.5970,2.5000,0.0300,0.0600,1.2500,3.0627,THR63,HG21
1091,28.1150,-3.6300,27.6800,2.5000,0.0300,0.0600,1.2500,3.0627,GLU66,HG3
1092,28.1190,4.1900,23.1830,2.5000,0.0300,0.0600,1.2500,3.0627,LEU58,HG
1093,28.1310,8.4510,17.0410,2.5000,0.0300,0.0600,1.2500,3.0627,LYS56,HB3
1094,28.3290,-2.6900,21.6580,3.5000,0.0660,0.1400,1.8250,10.6390,ALA62,CA
1095,28.4550,7.4140,20.6800,0.5000,0.0300,0.3000,1.2075,3.5497,ALA57,H
1096,28.4930,2.6260,21.3530,2.5000,0.0300,0.0600,1.2500,3.0627,LEU58,HB2
1097,28.5260,-2.7570,27.1740,3.5000,0.0660,-0.2200,1.8000,11.5138,GLU66,CG
1098,28.5300,3.2130,23.4160,3.5000,0.0660,-0.0600,1.8000,8.6942,LEU58,CG
1099,28.6050,-2.7250,20.2200,3.2500,0.1700,-0.5000,1.6000,5.1176,ALA62,N
1100,28.7120,-0.5550,21.8300,2.5000,0.0300,0.0600,1.2500,3.0627,ALA62,HB2
1101,28.7130,-6.1200,24.5030,2.5000,0.0300,0.0600,1.2500,3.0627,THR63,HG23
1102,28.7810,-4.5520,17.8290,2.5000,0.0300,0.0600,1.2500,2.8676,GLY61,HA2
1103,28.8240,-1.4740,14.2500,2.5000,0.0300,0.0600,1.2500,3.0627,PRO60,HB2
1104,28.9050,-2.5210,17.4160,3.2500,0.1700,-0.5000,1.6000,5.1176,GLY61,N
1105,28.9250,-0.4630,14.6430,3.5000,0.0660,-0.1200,1.8000,12.0622,PRO60,CB
1106,28.9380,1.0470,18.5810,2.9600,0.2100,-0.5000,1.4900,7.8762,GLY59,O
1107,28.9410,3.7810,25.4680,2.5000,0.0300,0.0600,1.2500,3.0627,LEU58,HD21
1108,28.9470,-0.4020,16.1740,3.5000,0.0660,0.0100,1.8250,10.3074,PRO60,CA
1109,28.9770,-2.1390,27.9510,2.5000,0.0300,0.0600,1.2500,3.0627,GLU66,HG2
1110,29.0760,6.8320,18.8370,3.7500,0.1050,0.5000,1.8500,14.9186,LYS56,C
1111,29.1600,5.0950,21.2270,0.5000,0.0300,0.3000,1.2075,3.5497,LEU58,H
1112,29.2080,-2.9800,22.2380,2.5000,0.0300,0.0600,1.2500,2.8676,ALA62,HA
1113,29.2340,2.6830,22.1520,3.5000,0.0660,-0.1200,1.8000,12.0622,LEU58,CB
1114,29.2500,-3.6150,25.0750,2.9600,0.2100,-0.8000,1.6000,10.5947,GLU66,OE1
1115,29.2680,7.1900,20.1210,3.2500,0.1700,-0.5000,1.6000,5.1176,ALA57,N
1116,29.4130,-3.7060,18.0980,3.5000,0.0660,0.0800,1.8250,14.3575,GLY61,CA
1117,29.4320,-3.5990,19.6250,3.7500,0.1050,0.5000,1.8500,14.9186,GLY61,C
1118,29.4820,3.3850,24.6090,3.5000,0.0660,-0.1800,1.8000,15.9217,LEU58,CD2
1119,29.5360,1.6530,22.3440,2.5000,0.0300,0.0600,1.2500,3.0627,LEU58,HB3
1120,29.6160,-3.2440,26.2110,3.7500,0.1050,0.7000,1.8750,15.1592,GLU66,CD
1121,29.6660,-1.6220,16.7800,3.7500,0.1050,0.5000,1.8500,14.9186,PRO60,C
1122,29.6700,1.4390,17.6690,3.7500,0.1050,0.5000,1.8500,14.5440,GLY59,C
1123,29.7040,0.8200,16.4690,3.2500,0.1700,-0.1400,1.6400,2.4762,PRO60,N
1124,29.7850,7.8260,22.7630,2.5000,0.0300,0.0600,1.2500,3.0627,ALA57,HB3
1125,29.8150,4.0650,19.2530,0.5000,0.0300,0.3000,1.2075,3.5497,GLY59,H
1126,29.9350,2.4370,24.8980,2.5000,0.0300,0.0600,1.2500,3.0627,LEU58,HD22
1127,30.0060,6.5430,18.0840,2.9600,0.2100,-0.5000,1.4900,7.8762,LYS56,O
1128,30.0840,2.2430,14.9780,2.5000,0.0300,0.0600,1.2500,2.8676,PRO60,HD3
1129,30.1050,9.1830,21.6900,2.5000,0.0300,0.0600,1.2500,3.0627,ALA57,HB2
1130,30.1300,4.8790,21.4100,3.2500,0.1700,-0.5000,1.6000,5.1176,LEU58,N
1131,30.1580,0.6520,13.2130,2.5000,0.0300,0.0600,1.2500,3.0627,PRO60,HG3
1132,30.1980,-4.3220,20.2570,2.9600,0.2100,-0.5000,1.4900,7.8762,GLY61,O
1133,30.2180,0.2200,14.2120,3.5000,0.0660,-0.1200,1.8000,12.0622,PRO60,CG
1134,30.2830,4.0910,24.3910,2.5000,0.0300,0.0600,1.2500,3.0627,LEU58,HD23
1135,30.3610,3.4170,17.1360,2.5000,0.0300,0.0600,1.2500,2.8676,GLY59,HA2
1136,30.4150,-3.9610,17.7590,2.5000,0.0300,0.0600,1.2500,2.8676,GLY61,HA3
1137,30.4250,3.2630,19.1990,3.2500,0.1700,-0.5000,1.6000,5.1176,GLY59,N
1138,30.4610,8.1990,21.9950,3.5000,0.0660,-0.1800,1.8000,15.6759,ALA57,CB
1139,30.4630,1.2720,15.2990,3.5000,0.0660,-0.0500,1.8250,14.5655,PRO60,CD
1140,30.4720,3.4730,21.6560,3.5000,0.0660,0.1400,1.8250,10.6390,LEU58,CA
1141,30.5690,7.2490,20.7920,3.5000,0.0660,0.1400,1.8250,10.6390,ALA57,CA
1142,30.5890,2.6570,17.8830,3.5000,0.0660,0.0800,1.8250,14.3575,GLY59,CA
1143,30.7960,-3.2670,26.6260,2.9600,0.2100,-0.8000,1.6000,10.5947,GLU66,OE2
1144,30.8870,-1.7370,16.6820,2.9600,0.2100,-0.5000,1.4900,7.8762,PRO60,O
1145,30.9180,2.7810,20.3540,3.7500,0.1050,0.5000,1.8500,14.9186,LEU58,C
1146,31.0330,-0.5060,14.2100,2.5000,0.0300,0.0600,1.2500,3.0627,PRO60,HG2
1147,31.0360,5.8720,21.3040,3.7500,0.1050,0.5000,1.8500,14.9186,ALA57,C
1148,31.2730,3.4090,22.3920,2.5000,0.0300,0.0600,1.2500,2.8676,LEU58,HA
1149,31.3190,7.6400,20.1010,2.5000,0.0300,0.0600,1.2500,2.8676,ALA57,HA
1150,31.4370,8.3360,22.4600,2.5000,0.0300,0.0600,1.2500,3.0627,ALA57,HB1
1151,31.5280,1.3710,15.5150,2.5000,0.0300,0.0600,1.2500,2.8676,PRO60,HD2
1152,31.6290,2.3610,17.7400,2.5000,0.0300,0.0600,1.2500,2.8676,GLY59,HA3
1153,31.6740,1.8110,20.4080,2.9600,0.2100,-0.5000,1.4900,7.8762,LEU58,O
1154,32.2320,5.7050,21.5460,2.9600,0.2100,-0.5000,1.4900,7.8762,ALA57,O
