ID1,ID2,Kr,r0
2,0,434.0000,1.0100
3,2,434.0000,1.0100
6,2,434.0000,1.0100
10,2,367.0000,1.4710
10,4,340.0000,1.0900
10,7,340.0000,1.0900
11,1,340.0000,1.0900
11,9,340.0000,1.0900
15,5,340.0000,1.0900
15,12,340.0000,1.0900
17,11,340.0000,1.0900
19,8,434.0000,1.0100
19,18,434.0000,1.0100
22,11,317.0000,1.5220
22,20,570.0000,1.2290
24,13,340.0000,1.0900
24,15,268.0000,1.5290
25,14,340.0000,1.0900
25,21,340.0000,1.0900
25,23,320.0000,1.4100
26,15,340.0000,1.0900
27,16,570.0000,1.2290
27,24,317.0000,1.5220
28,19,490.0000,1.3350
29,28,570.0000,1.2290
30,10,268.0000,1.5290
31,23,553.0000,0.9450
32,30,340.0000,1.0900
37,33,656.0000,1.2500
38,37,656.0000,1.2500
40,30,340.0000,1.0900
44,30,268.0000,1.5290
44,34,340.0000,1.0900
44,43,340.0000,1.0900
45,35,340.0000,1.0900
45,37,317.0000,1.5220
45,39,340.0000,1.0900
46,22,490.0000,1.3350
47,28,317.0000,1.5220
47,36,340.0000,1.0900
50,24,337.0000,1.4490
51,47,340.0000,1.0900
53,27,490.0000,1.3350
56,46,434.0000,1.0100
58,25,268.0000,1.5290
58,57,340.0000,1.0900
63,50,434.0000,1.0100
66,42,340.0000,1.0900
66,55,340.0000,1.0900
67,41,340.0000,1.0900
67,53,337.0000,1.4490
68,60,570.0000,1.2290
69,48,340.0000,1.0900
69,49,340.0000,1.0900
70,58,337.0000,1.4490
70,68,490.0000,1.3350
71,50,490.0000,1.3350
71,61,570.0000,1.2290
73,53,434.0000,1.0100
74,66,340.0000,1.0900
75,52,340.0000,1.0900
75,54,340.0000,1.0900
79,70,434.0000,1.0100
80,46,337.0000,1.4490
80,68,317.0000,1.5220
81,80,340.0000,1.0900
83,76,553.0000,0.9450
86,62,340.0000,1.0900
86,69,268.0000,1.5290
88,58,317.0000,1.5220
88,78,570.0000,1.2290
89,44,268.0000,1.5290
90,89,340.0000,1.0900
91,47,268.0000,1.5290
91,85,340.0000,1.0900
92,67,317.0000,1.5220
93,59,340.0000,1.0900
94,65,570.0000,1.2290
95,45,268.0000,1.5290
98,72,434.0000,1.0100
101,64,340.0000,1.0900
102,67,268.0000,1.5290
102,75,268.0000,1.5290
103,95,340.0000,1.0900
104,92,570.0000,1.2290
107,77,340.0000,1.0900
107,82,340.0000,1.0900
109,87,570.0000,1.2290
109,95,317.0000,1.5220
110,101,340.0000,1.0900
111,75,317.0000,1.5220
111,84,656.0000,1.2500
112,69,337.0000,1.4630
113,76,320.0000,1.4100
113,93,268.0000,1.5290
113,101,268.0000,1.5290
114,98,434.0000,1.0100
115,92,490.0000,1.3350
115,105,434.0000,1.0100
116,66,268.0000,1.5290
116,99,340.0000,1.0900
117,86,340.0000,1.0900
118,91,340.0000,1.0900
119,89,340.0000,1.0900
120,93,337.0000,1.4490
120,94,490.0000,1.3350
123,71,317.0000,1.5220
123,107,268.0000,1.5290
124,102,340.0000,1.0900
125,98,481.0000,1.3400
125,112,481.0000,1.3400
126,116,340.0000,1.0900
127,89,268.0000,1.5290
127,94,317.0000,1.5220
128,127,340.0000,1.0900
129,93,317.0000,1.5220
129,97,570.0000,1.2290
130,86,268.0000,1.5290
130,100,340.0000,1.0900
132,112,434.0000,1.0100
134,101,340.0000,1.0900
136,96,434.0000,1.0100
136,133,434.0000,1.0100
137,91,268.0000,1.5290
137,115,337.0000,1.4490
138,95,337.0000,1.4490
138,121,434.0000,1.0100
139,102,340.0000,1.0900
140,80,268.0000,1.5290
140,135,340.0000,1.0900
141,137,340.0000,1.0900
142,109,490.0000,1.3350
143,106,340.0000,1.0900
143,131,340.0000,1.0900
144,88,490.0000,1.3350
146,108,340.0000,1.0900
146,130,268.0000,1.5290
147,120,434.0000,1.0100
149,144,434.0000,1.0100
150,123,340.0000,1.0900
151,142,434.0000,1.0100
152,140,320.0000,1.4100
154,123,337.0000,1.4490
154,148,434.0000,1.0100
155,113,340.0000,1.0900
156,122,340.0000,1.0900
156,142,337.0000,1.4490
157,152,553.0000,0.9450
158,107,268.0000,1.5290
158,143,268.0000,1.5290
159,111,656.0000,1.2500
161,130,340.0000,1.0900
163,125,481.0000,1.3400
164,116,268.0000,1.5290
164,156,268.0000,1.5290
170,158,340.0000,1.0900
171,145,570.0000,1.2290
171,146,317.0000,1.5220
174,163,434.0000,1.0100
175,129,490.0000,1.3350
176,163,434.0000,1.0100
180,146,337.0000,1.4490
181,127,337.0000,1.4490
182,136,481.0000,1.3400
183,153,570.0000,1.2290
183,180,490.0000,1.3350
184,140,268.0000,1.5290
184,179,340.0000,1.0900
185,144,337.0000,1.4490
185,166,340.0000,1.0900
186,154,490.0000,1.3350
187,143,337.0000,1.4630
187,182,481.0000,1.3400
189,160,340.0000,1.0900
189,164,268.0000,1.5290
190,138,490.0000,1.3350
191,189,340.0000,1.0900
192,181,434.0000,1.0100
193,158,340.0000,1.0900
195,184,340.0000,1.0900
199,175,434.0000,1.0100
200,137,317.0000,1.5220
201,164,340.0000,1.0900
205,186,570.0000,1.2290
206,177,656.0000,1.2500
210,162,434.0000,1.0100
211,206,656.0000,1.2500
213,165,340.0000,1.0900
213,197,340.0000,1.0900
214,178,434.0000,1.0100
218,172,340.0000,1.0900
218,202,340.0000,1.0900
219,156,317.0000,1.5220
219,210,490.0000,1.3350
220,175,337.0000,1.4490
220,186,317.0000,1.5220
220,212,340.0000,1.0900
221,190,570.0000,1.2290
222,180,434.0000,1.0100
223,167,656.0000,1.2500
224,200,570.0000,1.2290
225,168,340.0000,1.0900
225,223,317.0000,1.5220
227,169,340.0000,1.0900
228,173,434.0000,1.0100
229,185,317.0000,1.5220
229,214,490.0000,1.3350
230,194,340.0000,1.0900
230,209,340.0000,1.0900
230,218,268.0000,1.5290
232,227,340.0000,1.0900
233,188,340.0000,1.0900
233,206,317.0000,1.5220
235,228,434.0000,1.0100
237,190,317.0000,1.5220
237,214,337.0000,1.4490
237,227,268.0000,1.5290
241,187,434.0000,1.0100
242,184,340.0000,1.0900
243,198,340.0000,1.0900
243,217,340.0000,1.0900
244,181,490.0000,1.3350
244,238,570.0000,1.2290
246,171,490.0000,1.3350
248,182,481.0000,1.3400
248,245,434.0000,1.0100
249,189,340.0000,1.0900
250,185,268.0000,1.5290
250,216,340.0000,1.0900
252,183,317.0000,1.5220
252,213,268.0000,1.5290
253,200,490.0000,1.3350
253,231,434.0000,1.0100
255,225,340.0000,1.0900
256,196,340.0000,1.0900
256,247,340.0000,1.0900
259,203,340.0000,1.0900
259,233,268.0000,1.5290
261,208,570.0000,1.2290
262,229,570.0000,1.2290
263,207,340.0000,1.0900
265,213,317.0000,1.5220
265,260,656.0000,1.2500
267,204,570.0000,1.2290
268,225,268.0000,1.5290
268,239,340.0000,1.0900
268,261,317.0000,1.5220
269,252,340.0000,1.0900
271,215,434.0000,1.0100
272,243,337.0000,1.4490
272,257,434.0000,1.0100
273,210,337.0000,1.4490
273,263,268.0000,1.5290
273,267,317.0000,1.5220
274,234,340.0000,1.0900
274,240,340.0000,1.0900
275,246,434.0000,1.0100
278,223,656.0000,1.2500
279,219,570.0000,1.2290
281,227,268.0000,1.5290
281,256,268.0000,1.5290
282,233,340.0000,1.0900
283,226,340.0000,1.0900
284,228,481.0000,1.3400
284,271,481.0000,1.3400
285,281,340.0000,1.0900
286,254,340.0000,1.0900
286,263,268.0000,1.5290
286,283,268.0000,1.5290
287,250,268.0000,1.5290
287,251,340.0000,1.0900
289,256,340.0000,1.0900
290,246,337.0000,1.4490
290,264,340.0000,1.0900
291,218,337.0000,1.4490
293,277,570.0000,1.2290
293,290,317.0000,1.5220
294,259,340.0000,1.0900
295,258,340.0000,1.0900
295,259,268.0000,1.5290
297,237,340.0000,1.0900
298,236,340.0000,1.0900
299,248,434.0000,1.0100
300,263,340.0000,1.0900
301,298,340.0000,1.0900
302,220,268.0000,1.5290
303,283,340.0000,1.0900
305,243,317.0000,1.5220
305,291,490.0000,1.3350
306,302,340.0000,1.0900
307,250,268.0000,1.5290
307,274,268.0000,1.5290
308,265,656.0000,1.2500
310,295,337.0000,1.4490
312,271,434.0000,1.0100
313,230,268.0000,1.5290
314,293,490.0000,1.3350
315,266,340.0000,1.0900
315,292,340.0000,1.0900
316,252,337.0000,1.4490
317,261,490.0000,1.3350
319,310,434.0000,1.0100
320,272,490.0000,1.3350
321,310,490.0000,1.3350
321,311,570.0000,1.2290
322,274,340.0000,1.0900
323,287,340.0000,1.0900
326,244,317.0000,1.5220
326,314,337.0000,1.4490
327,276,434.0000,1.0100
328,270,340.0000,1.0900
328,317,337.0000,1.4490
329,316,434.0000,1.0100
330,283,337.0000,1.4630
330,296,434.0000,1.0100
331,273,340.0000,1.0900
332,288,340.0000,1.0900
332,298,268.0000,1.5290
332,325,340.0000,1.0900
333,313,340.0000,1.0900
334,314,434.0000,1.0100
336,287,340.0000,1.0900
337,253,337.0000,1.4490
338,302,340.0000,1.0900
339,313,340.0000,1.0900
340,280,340.0000,1.0900
340,324,340.0000,1.0900
341,267,490.0000,1.3350
343,298,268.0000,1.5290
343,321,317.0000,1.5220
343,327,337.0000,1.4490
345,337,340.0000,1.0900
346,320,570.0000,1.2290
347,307,340.0000,1.0900
348,309,340.0000,1.0900
348,320,317.0000,1.5220
348,341,337.0000,1.4490
349,286,340.0000,1.0900
350,326,340.0000,1.0900
351,268,337.0000,1.4490
352,307,340.0000,1.0900
354,318,570.0000,1.2290
354,328,317.0000,1.5220
355,291,337.0000,1.4490
355,313,268.0000,1.5290
357,315,340.0000,1.0900
358,302,268.0000,1.5290
358,315,268.0000,1.5290
360,317,434.0000,1.0100
361,284,481.0000,1.3400
363,335,340.0000,1.0900
363,337,268.0000,1.5290
363,356,340.0000,1.0900
366,281,268.0000,1.5290
367,366,340.0000,1.0900
368,351,434.0000,1.0100
369,361,434.0000,1.0100
370,316,490.0000,1.3350
370,364,570.0000,1.2290
371,304,367.0000,1.0800
373,305,570.0000,1.2290
374,342,434.0000,1.0100
374,353,434.0000,1.0100
376,327,490.0000,1.3350
376,355,317.0000,1.5220
377,358,340.0000,1.0900
378,290,268.0000,1.5290
378,372,340.0000,1.0900
379,295,317.0000,1.5220
381,326,268.0000,1.5290
381,359,340.0000,1.0900
381,380,340.0000,1.0900
382,340,268.0000,1.5290
382,344,340.0000,1.0900
383,337,317.0000,1.5220
383,375,570.0000,1.2290
384,341,434.0000,1.0100
386,328,268.0000,1.5290
386,362,340.0000,1.0900
387,340,337.0000,1.4490
387,379,490.0000,1.3350
389,366,340.0000,1.0900
391,343,340.0000,1.0900
392,351,490.0000,1.3350
392,385,570.0000,1.2290
393,365,367.0000,1.0800
393,371,469.0000,1.4000
394,330,481.0000,1.3400
396,355,340.0000,1.0900
397,378,340.0000,1.0900
398,366,340.0000,1.0900
399,382,340.0000,1.0900
400,354,490.0000,1.3350
405,332,268.0000,1.5290
408,405,340.0000,1.0900
410,371,469.0000,1.4000
410,386,317.0000,1.5100
414,363,340.0000,1.0900
416,379,570.0000,1.2290
417,378,317.0000,1.5100
418,383,490.0000,1.3350
419,390,367.0000,1.0800
419,417,469.0000,1.4000
420,418,434.0000,1.0100
421,361,337.0000,1.4630
421,412,340.0000,1.0900
422,348,268.0000,1.5290
423,358,268.0000,1.5290
423,409,340.0000,1.0900
424,400,434.0000,1.0100
426,376,570.0000,1.2290
427,370,317.0000,1.5220
427,400,337.0000,1.4490
428,386,340.0000,1.0900
430,394,481.0000,1.3400
430,395,434.0000,1.0100
432,382,268.0000,1.5290
432,407,340.0000,1.0900
433,388,340.0000,1.0900
433,421,268.0000,1.5290
434,402,340.0000,1.0900
434,405,268.0000,1.5290
434,431,340.0000,1.0900
435,374,490.0000,1.3350
436,394,481.0000,1.3400
436,415,434.0000,1.0100
437,404,340.0000,1.0900
437,422,268.0000,1.5290
437,425,340.0000,1.0900
439,405,340.0000,1.0900
441,422,340.0000,1.0900
442,427,340.0000,1.0900
444,387,337.0000,1.4490
444,432,268.0000,1.5290
445,381,317.0000,1.5100
446,423,340.0000,1.0900
449,422,340.0000,1.0900
452,403,434.0000,1.0100
453,406,570.0000,1.2290
453,444,317.0000,1.5220
455,423,340.0000,1.0900
456,401,340.0000,1.0900
459,417,469.0000,1.4000
459,458,367.0000,1.0800
460,411,340.0000,1.0900
460,447,340.0000,1.0900
461,413,340.0000,1.0900
461,435,317.0000,1.5220
462,452,434.0000,1.0100
463,419,469.0000,1.4000
464,463,367.0000,1.0800
467,429,340.0000,1.0900
467,443,340.0000,1.0900
468,456,340.0000,1.0900
469,433,340.0000,1.0900
470,421,340.0000,1.0900
471,433,268.0000,1.5290
471,438,340.0000,1.0900
472,393,469.0000,1.4000
473,418,337.0000,1.4490
473,440,340.0000,1.0900
474,392,317.0000,1.5220
474,471,268.0000,1.5290
476,460,340.0000,1.0900
477,435,570.0000,1.2290
478,432,340.0000,1.0900
479,467,340.0000,1.0900
480,430,434.0000,1.0100
481,452,434.0000,1.0100
483,445,469.0000,1.4000
483,450,367.0000,1.0800
487,410,469.0000,1.4000
488,461,340.0000,1.0900
489,445,469.0000,1.4000
489,466,367.0000,1.0800
490,436,434.0000,1.0100
491,452,367.0000,1.4710
491,456,268.0000,1.5290
491,484,340.0000,1.0900
492,444,340.0000,1.0900
493,427,268.0000,1.5290
493,485,340.0000,1.0900
497,456,268.0000,1.5290
497,465,340.0000,1.0900
497,486,340.0000,1.0900
499,448,340.0000,1.0900
499,473,268.0000,1.5290
500,472,450.0000,1.3640
503,474,337.0000,1.4490
504,474,340.0000,1.0900
505,457,340.0000,1.0900
505,493,268.0000,1.5290
506,459,469.0000,1.4000
507,451,340.0000,1.0900
507,495,340.0000,1.0900
508,463,469.0000,1.4000
508,506,469.0000,1.4000
509,434,367.0000,1.4710
510,505,340.0000,1.0900
511,503,434.0000,1.0100
513,472,469.0000,1.4000
513,487,469.0000,1.4000
514,461,268.0000,1.5290
514,498,340.0000,1.0900
515,454,570.0000,1.2290
515,514,317.0000,1.5220
516,437,317.0000,1.5220
517,509,434.0000,1.0100
520,503,490.0000,1.3350
520,512,570.0000,1.2290
521,487,367.0000,1.0800
522,471,340.0000,1.0900
523,460,268.0000,1.5290
523,502,340.0000,1.0900
525,475,434.0000,1.0100
526,499,340.0000,1.0900
527,453,490.0000,1.3350
528,509,434.0000,1.0100
529,473,317.0000,1.5220
530,496,434.0000,1.0100
530,516,490.0000,1.3350
531,507,340.0000,1.0900
533,506,367.0000,1.0800
534,482,340.0000,1.0900
534,532,340.0000,1.0900
536,494,340.0000,1.0900
536,523,268.0000,1.5290
537,509,434.0000,1.0100
538,508,367.0000,1.0800
539,529,570.0000,1.2290
540,467,222.0000,1.8100
541,525,434.0000,1.0100
542,499,320.0000,1.4100
543,520,317.0000,1.5220
543,524,340.0000,1.0900
543,527,337.0000,1.4490
544,491,340.0000,1.0900
545,500,553.0000,0.9450
547,507,268.0000,1.5290
547,519,340.0000,1.0900
549,505,340.0000,1.0900
550,536,340.0000,1.0900
551,501,340.0000,1.0900
551,547,268.0000,1.5290
552,483,469.0000,1.4000
555,542,553.0000,0.9450
557,493,268.0000,1.5290
557,553,340.0000,1.0900
558,489,469.0000,1.4000
559,516,570.0000,1.2290
562,527,434.0000,1.0100
563,518,340.0000,1.0900
563,540,222.0000,1.8100
567,525,490.0000,1.3350
567,534,317.0000,1.5220
568,534,268.0000,1.5290
568,535,340.0000,1.0900
569,513,367.0000,1.0800
570,529,490.0000,1.3350
570,556,434.0000,1.0100
571,560,434.0000,1.0100
571,568,337.0000,1.4490
572,557,340.0000,1.0900
573,497,268.0000,1.5290
575,552,367.0000,1.0800
576,515,490.0000,1.3350
578,573,340.0000,1.0900
579,551,340.0000,1.0900
580,536,340.0000,1.0900
581,551,340.0000,1.0900
582,530,434.0000,1.0100
583,548,340.0000,1.0900
583,561,340.0000,1.0900
583,577,340.0000,1.0900
585,514,337.0000,1.4490
586,571,490.0000,1.3350
587,523,268.0000,1.5290
587,574,340.0000,1.0900
588,546,340.0000,1.0900
588,576,337.0000,1.4490
588,586,317.0000,1.5220
590,558,367.0000,1.0800
592,552,469.0000,1.4000
592,558,469.0000,1.4000
593,554,340.0000,1.0900
593,564,340.0000,1.0900
596,585,434.0000,1.0100
599,563,340.0000,1.0900
600,563,268.0000,1.5290
600,565,340.0000,1.0900
600,598,340.0000,1.0900
601,586,570.0000,1.2290
602,566,340.0000,1.0900
602,573,268.0000,1.5290
603,573,340.0000,1.0900
604,557,340.0000,1.0900
605,595,434.0000,1.0100
605,602,337.0000,1.4490
607,587,340.0000,1.0900
611,605,490.0000,1.3350
612,576,434.0000,1.0100
613,547,268.0000,1.5290
613,611,317.0000,1.5220
614,589,570.0000,1.2290
615,591,340.0000,1.0900
615,594,340.0000,1.0900
619,593,268.0000,1.5290
619,597,340.0000,1.0900
619,617,340.0000,1.0900
620,543,268.0000,1.5290
622,585,490.0000,1.3350
622,610,570.0000,1.2290
623,570,337.0000,1.4490
623,606,340.0000,1.0900
624,611,570.0000,1.2290
626,567,570.0000,1.2290
628,584,340.0000,1.0900
631,620,340.0000,1.0900
632,587,268.0000,1.5290
632,614,317.0000,1.5220
633,568,317.0000,1.5220
634,614,490.0000,1.3350
634,628,337.0000,1.4490
635,632,340.0000,1.0900
636,620,340.0000,1.0900
638,621,367.0000,1.0800
639,593,337.0000,1.4490
639,633,490.0000,1.3350
640,613,340.0000,1.0900
641,613,337.0000,1.4490
641,618,434.0000,1.0100
642,620,317.0000,1.5100
642,638,469.0000,1.4000
643,608,340.0000,1.0900
643,627,340.0000,1.0900
644,592,450.0000,1.3640
645,609,340.0000,1.0900
645,623,268.0000,1.5290
646,583,268.0000,1.5290
647,588,268.0000,1.5290
648,615,340.0000,1.0900
649,647,340.0000,1.0900
650,628,268.0000,1.5290
650,629,340.0000,1.0900
650,646,268.0000,1.5290
652,647,340.0000,1.0900
654,615,222.0000,1.8100
656,602,317.0000,1.5220
657,600,268.0000,1.5290
659,634,434.0000,1.0100
660,628,317.0000,1.5220
660,637,570.0000,1.2290
661,657,340.0000,1.0900
663,656,570.0000,1.2290
664,638,469.0000,1.4000
664,658,367.0000,1.0800
666,646,340.0000,1.0900
667,644,553.0000,0.9450
668,625,340.0000,1.0900
669,630,340.0000,1.0900
669,643,268.0000,1.5290
671,668,340.0000,1.0900
672,645,340.0000,1.0900
673,616,570.0000,1.2290
674,623,317.0000,1.5220
675,642,469.0000,1.4000
677,668,340.0000,1.0900
678,675,367.0000,1.0800
681,633,570.0000,1.2290
683,622,317.0000,1.5220
683,669,268.0000,1.5290
685,657,317.0000,1.5220
685,665,570.0000,1.2290
687,619,268.0000,1.5290
688,655,434.0000,1.0100
688,674,490.0000,1.3350
691,687,340.0000,1.0900
692,647,340.0000,1.0900
694,646,268.0000,1.5290
694,676,340.0000,1.0900
694,686,340.0000,1.0900
696,632,337.0000,1.4490
696,695,434.0000,1.0100
697,664,469.0000,1.4000
699,645,268.0000,1.5290
699,673,317.0000,1.5220
701,674,570.0000,1.2290
703,653,340.0000,1.0900
703,654,222.0000,1.8100
704,643,317.0000,1.5220
706,662,434.0000,1.0100
706,704,490.0000,1.3350
707,675,469.0000,1.4000
707,697,469.0000,1.4000
708,657,337.0000,1.4490
708,684,434.0000,1.0100
709,639,337.0000,1.4490
709,687,268.0000,1.5290
710,670,434.0000,1.0100
710,689,434.0000,1.0100
711,673,490.0000,1.3350
711,690,434.0000,1.0100
713,650,340.0000,1.0900
714,641,490.0000,1.3350
715,651,340.0000,1.0900
717,683,337.0000,1.4490
719,717,434.0000,1.0100
720,669,340.0000,1.0900
721,715,340.0000,1.0900
722,699,340.0000,1.0900
724,656,490.0000,1.3350
724,718,434.0000,1.0100
726,703,340.0000,1.0900
727,697,367.0000,1.0800
729,710,434.0000,1.0100
730,683,340.0000,1.0900
732,687,340.0000,1.0900
733,709,340.0000,1.0900
734,668,268.0000,1.5290
734,715,268.0000,1.5290
734,725,340.0000,1.0900
735,660,490.0000,1.3350
736,707,367.0000,1.0800
737,682,570.0000,1.2290
738,685,490.0000,1.3350
739,716,553.0000,0.9450
741,680,656.0000,1.2500
744,688,337.0000,1.4490
744,714,317.0000,1.5220
747,679,340.0000,1.0900
749,717,490.0000,1.3350
750,749,570.0000,1.2290
751,706,434.0000,1.0100
752,700,340.0000,1.0900
752,728,340.0000,1.0900
753,693,340.0000,1.0900
753,744,268.0000,1.5290
754,738,434.0000,1.0100
755,735,434.0000,1.0100
756,715,340.0000,1.0900
757,699,340.0000,1.0900
758,694,340.0000,1.0900
759,704,570.0000,1.2290
760,705,340.0000,1.0900
760,740,340.0000,1.0900
761,747,340.0000,1.0900
762,698,434.0000,1.0100
764,714,570.0000,1.2290
766,711,434.0000,1.0100
767,712,340.0000,1.0900
767,737,317.0000,1.5220
769,737,490.0000,1.3350
769,747,337.0000,1.4490
770,741,656.0000,1.2500
771,723,340.0000,1.0900
771,738,337.0000,1.4490
772,752,222.0000,1.8100
773,703,268.0000,1.5290
773,748,340.0000,1.0900
774,696,490.0000,1.3350
778,731,340.0000,1.0900
778,741,317.0000,1.5220
779,702,570.0000,1.2290
780,747,340.0000,1.0900
781,709,317.0000,1.5220
781,762,490.0000,1.3350
784,710,367.0000,1.4710
784,760,268.0000,1.5290
785,774,570.0000,1.2290
786,708,490.0000,1.3350
787,753,340.0000,1.0900
788,735,337.0000,1.4490
788,749,317.0000,1.5220
789,788,340.0000,1.0900
791,745,340.0000,1.0900
791,768,340.0000,1.0900
792,743,340.0000,1.0900
792,776,340.0000,1.0900
793,753,268.0000,1.5290
793,763,340.0000,1.0900
794,783,553.0000,0.9450
796,742,434.0000,1.0100
799,739,320.0000,1.4100
799,771,268.0000,1.5290
800,744,340.0000,1.0900
801,746,340.0000,1.0900
801,795,340.0000,1.0900
802,784,340.0000,1.0900
803,769,434.0000,1.0100
804,777,434.0000,1.0100
805,724,337.0000,1.4490
806,767,337.0000,1.4490
806,779,490.0000,1.3350
807,765,656.0000,1.2500
807,793,317.0000,1.5220
808,805,340.0000,1.0900
809,773,340.0000,1.0900
810,734,268.0000,1.5290
811,767,268.0000,1.5290
811,782,340.0000,1.0900
812,773,268.0000,1.5290
812,775,340.0000,1.0900
813,762,337.0000,1.4490
813,778,268.0000,1.5290
814,786,570.0000,1.2290
816,778,340.0000,1.0900
818,810,340.0000,1.0900
819,786,317.0000,1.5220
819,791,268.0000,1.5290
819,804,337.0000,1.4490
820,810,340.0000,1.0900
821,752,268.0000,1.5290
821,796,337.0000,1.4490
823,760,268.0000,1.5290
823,801,268.0000,1.5290
825,784,340.0000,1.0900
827,790,434.0000,1.0100
828,804,490.0000,1.3350
828,805,317.0000,1.5220
829,779,317.0000,1.5220
829,792,268.0000,1.5290
830,811,340.0000,1.0900
833,797,340.0000,1.0900
833,799,268.0000,1.5290
834,771,317.0000,1.5220
835,783,320.0000,1.4100
835,822,340.0000,1.0900
836,823,340.0000,1.0900
837,799,340.0000,1.0900
838,798,340.0000,1.0900
838,826,340.0000,1.0900
838,831,340.0000,1.0900
839,774,317.0000,1.5220
839,835,268.0000,1.5290
840,781,570.0000,1.2290
842,834,570.0000,1.2290
843,829,340.0000,1.0900
844,796,490.0000,1.3350
844,813,317.0000,1.5220
845,793,340.0000,1.0900
846,791,317.0000,1.4950
847,772,166.0000,2.0380
847,792,222.0000,1.8100
848,833,340.0000,1.0900
850,812,317.0000,1.5220
850,817,570.0000,1.2290
851,815,367.0000,1.0800
851,846,546.0000,1.3520
852,821,317.0000,1.5220
852,827,490.0000,1.3350
853,801,268.0000,1.5290
853,827,337.0000,1.4490
853,849,340.0000,1.0900
855,832,570.0000,1.2290
856,813,340.0000,1.0900
857,805,268.0000,1.5290
857,854,340.0000,1.0900
857,855,317.0000,1.5220
859,806,434.0000,1.0100
860,788,268.0000,1.5290
860,858,340.0000,1.0900
861,821,340.0000,1.0900
862,824,434.0000,1.0100
862,839,337.0000,1.4490
864,807,656.0000,1.2500
865,812,337.0000,1.4490
867,828,570.0000,1.2290
870,823,340.0000,1.0900
872,855,490.0000,1.3350
872,871,434.0000,1.0100
875,819,340.0000,1.0900
876,841,570.0000,1.2290
878,810,268.0000,1.5290
878,873,340.0000,1.0900
878,876,317.0000,1.5220
879,834,490.0000,1.3350
879,869,434.0000,1.0100
880,865,434.0000,1.0100
881,811,268.0000,1.5290
881,866,340.0000,1.0900
883,839,340.0000,1.0900
884,833,340.0000,1.0900
885,872,434.0000,1.0100
888,865,490.0000,1.3350
888,877,570.0000,1.2290
889,860,268.0000,1.5290
889,863,340.0000,1.0900
891,829,337.0000,1.4490
891,886,434.0000,1.0100
892,889,340.0000,1.0900
896,852,570.0000,1.2290
897,835,268.0000,1.5290
897,894,340.0000,1.0900
898,846,388.0000,1.4590
900,868,340.0000,1.0900
900,882,340.0000,1.0900
901,851,427.0000,1.3810
902,844,570.0000,1.2290
904,860,268.0000,1.5290
904,893,340.0000,1.0900
904,903,340.0000,1.0900
905,881,340.0000,1.0900
906,857,340.0000,1.0900
907,838,268.0000,1.5290
908,876,490.0000,1.3350
909,907,340.0000,1.0900
911,850,490.0000,1.3350
913,897,340.0000,1.0900
914,901,434.0000,1.0100
915,881,317.0000,1.5220
915,890,570.0000,1.2290
916,874,340.0000,1.0900
916,908,337.0000,1.4490
917,862,490.0000,1.3350
919,895,367.0000,1.0800
919,898,469.0000,1.4040
920,853,317.0000,1.5220
921,887,340.0000,1.0900
921,907,268.0000,1.5290
921,918,340.0000,1.0900
927,908,434.0000,1.0100
928,911,434.0000,1.0100
929,879,337.0000,1.4490
929,917,317.0000,1.5220
930,878,337.0000,1.4490
930,925,434.0000,1.0100
931,898,447.0000,1.4190
931,901,428.0000,1.3800
933,889,340.0000,1.0900
934,888,317.0000,1.5220
934,900,268.0000,1.5290
935,897,340.0000,1.0900
936,910,434.0000,1.0100
936,920,490.0000,1.3350
937,899,222.0000,1.8100
937,900,268.0000,1.5290
939,912,340.0000,1.0900
939,916,268.0000,1.5290
941,891,490.0000,1.3350
942,911,337.0000,1.4490
942,922,340.0000,1.0900
943,904,340.0000,1.0900
944,929,340.0000,1.0900
945,907,268.0000,1.5290
945,932,340.0000,1.0900
947,920,570.0000,1.2290
948,945,340.0000,1.0900
951,916,317.0000,1.5220
951,940,570.0000,1.2290
952,941,570.0000,1.2290
953,923,340.0000,1.0900
953,939,268.0000,1.5290
954,917,570.0000,1.2290
955,899,222.0000,1.8100
955,938,340.0000,1.0900
956,934,340.0000,1.0900
957,921,340.0000,1.0900
959,937,340.0000,1.0900
962,953,317.0000,1.5220
962,961,656.0000,1.2500
964,924,553.0000,0.9450
965,919,469.0000,1.4000
967,942,317.0000,1.5220
968,934,337.0000,1.4490
968,958,434.0000,1.0100
969,915,490.0000,1.3350
970,929,268.0000,1.5290
970,949,340.0000,1.0900
971,926,340.0000,1.0900
973,971,340.0000,1.0900
974,937,340.0000,1.0900
976,966,434.0000,1.0100
976,967,490.0000,1.3350
977,962,656.0000,1.2500
978,950,553.0000,0.9450
980,967,570.0000,1.2290
982,931,469.0000,1.4000
983,955,340.0000,1.0900
984,939,340.0000,1.0900
985,971,340.0000,1.0900
988,930,490.0000,1.3350
989,965,367.0000,1.0800
990,988,570.0000,1.2290
991,946,340.0000,1.0900
991,970,268.0000,1.5290
992,969,434.0000,1.0100
993,955,340.0000,1.0900
994,941,317.0000,1.5220
994,976,337.0000,1.4490
995,969,434.0000,1.0100
996,953,340.0000,1.0900
997,942,268.0000,1.5290
997,978,320.0000,1.4100
998,936,337.0000,1.4490
999,965,469.0000,1.4000
999,982,469.0000,1.4000
1000,964,320.0000,1.4100
1000,979,340.0000,1.0900
1000,998,268.0000,1.5290
1001,960,340.0000,1.0900
1001,987,340.0000,1.0900
1002,951,490.0000,1.3350
1004,982,367.0000,1.0800
1005,1002,434.0000,1.0100
1007,968,490.0000,1.3350
1008,972,434.0000,1.0100
1009,945,268.0000,1.5290
1009,1008,337.0000,1.4490
1010,970,340.0000,1.0900
1012,963,340.0000,1.0900
1013,991,340.0000,1.0900
1014,998,340.0000,1.0900
1015,981,340.0000,1.0900
1015,994,268.0000,1.5290
1016,975,434.0000,1.0100
1017,986,434.0000,1.0100
1017,1001,367.0000,1.4710
1018,971,268.0000,1.5290
1018,1006,340.0000,1.0900
1018,1012,268.0000,1.5290
1020,997,340.0000,1.0900
1021,1007,570.0000,1.2290
1024,991,317.0000,1.5220
1027,1009,340.0000,1.0900
1028,994,340.0000,1.0900
1029,1017,434.0000,1.0100
1030,1011,340.0000,1.0900
1030,1012,268.0000,1.5290
1030,1025,340.0000,1.0900
1031,999,367.0000,1.0800
1032,1024,656.0000,1.2500
1033,1003,340.0000,1.0900
1033,1019,340.0000,1.0900
1034,988,317.0000,1.5220
1034,1026,340.0000,1.0900
1035,1015,340.0000,1.0900
1036,998,317.0000,1.5220
1036,1016,490.0000,1.3350
1037,1024,656.0000,1.2500
1039,1002,337.0000,1.4490
1039,1007,317.0000,1.5220
1040,997,268.0000,1.5290
1040,1022,340.0000,1.0900
1042,1015,340.0000,1.0900
1043,1012,268.0000,1.5290
1043,1016,337.0000,1.4490
1044,1017,434.0000,1.0100
1045,1001,268.0000,1.5290
1045,1033,268.0000,1.5290
1046,1009,317.0000,1.5220
1047,1008,490.0000,1.3350
1047,1043,317.0000,1.5220
1048,1039,340.0000,1.0900
1050,1023,340.0000,1.0900
1050,1034,268.0000,1.5290
1051,1000,268.0000,1.5290
1051,1049,340.0000,1.0900
1052,1018,340.0000,1.0900
1054,1038,434.0000,1.0100
1054,1046,490.0000,1.3350
1055,1050,320.0000,1.4100
1056,1040,340.0000,1.0900
1058,1045,340.0000,1.0900
1059,1040,340.0000,1.0900
1061,1046,570.0000,1.2290
1064,1030,340.0000,1.0900
1065,1041,570.0000,1.2290
1066,1051,340.0000,1.0900
1067,1034,337.0000,1.4490
1067,1065,490.0000,1.3350
1068,1051,340.0000,1.0900
1069,1045,340.0000,1.0900
1070,1036,570.0000,1.2290
1071,1033,268.0000,1.5290
1071,1062,340.0000,1.0900
1072,1043,340.0000,1.0900
1073,1053,340.0000,1.0900
1073,1057,340.0000,1.0900
1074,1039,268.0000,1.5290
1074,1063,340.0000,1.0900
1075,1055,553.0000,0.9450
1076,1047,570.0000,1.2290
1078,1054,337.0000,1.4490
1078,1071,268.0000,1.5290
1078,1077,340.0000,1.0900
1080,1073,340.0000,1.0900
1082,1074,340.0000,1.0900
1083,1050,268.0000,1.5290
1083,1081,340.0000,1.0900
1085,1060,340.0000,1.0900
1085,1079,340.0000,1.0900
1087,1067,434.0000,1.0100
1090,1083,340.0000,1.0900
1093,1071,340.0000,1.0900
1094,1065,317.0000,1.5220
1094,1085,268.0000,1.5290
1097,1074,268.0000,1.5290
1097,1091,340.0000,1.0900
1098,1073,268.0000,1.5290
1098,1092,340.0000,1.0900
1099,1088,434.0000,1.0100
1099,1094,337.0000,1.4490
1100,1085,340.0000,1.0900
1101,1083,340.0000,1.0900
1104,1084,434.0000,1.0100
1105,1089,340.0000,1.0900
1105,1103,340.0000,1.0900
1108,1086,340.0000,1.0900
1108,1105,268.0000,1.5290
1109,1097,340.0000,1.0900
1110,1078,317.0000,1.5220
1112,1094,340.0000,1.0900
1113,1096,340.0000,1.0900
1113,1098,268.0000,1.5290
1115,1095,434.0000,1.0100
1115,1110,490.0000,1.3350
1116,1102,340.0000,1.0900
1116,1104,337.0000,1.4490
1117,1099,490.0000,1.3350
1117,1116,317.0000,1.5220
1118,1098,268.0000,1.5290
1118,1107,340.0000,1.0900
1119,1113,340.0000,1.0900
1120,1097,317.0000,1.5220
1120,1114,656.0000,1.2500
1121,1104,490.0000,1.3350
1121,1108,317.0000,1.5220
1122,1106,570.0000,1.2290
1123,1108,337.0000,1.4490
1123,1122,490.0000,1.3350
1126,1118,340.0000,1.0900
1127,1110,570.0000,1.2290
1130,1111,434.0000,1.0100
1132,1117,570.0000,1.2290
1133,1105,268.0000,1.5290
1133,1131,340.0000,1.0900
1134,1118,340.0000,1.0900
1136,1116,340.0000,1.0900
1137,1125,434.0000,1.0100
1138,1124,340.0000,1.0900
1138,1129,340.0000,1.0900
1139,1123,337.0000,1.4490
1139,1128,340.0000,1.0900
1139,1133,268.0000,1.5290
1140,1113,268.0000,1.5290
1140,1130,337.0000,1.4490
1141,1115,337.0000,1.4490
1141,1138,268.0000,1.5290
1142,1122,317.0000,1.5220
1142,1135,340.0000,1.0900
1142,1137,337.0000,1.4490
1143,1120,656.0000,1.2500
1144,1121,570.0000,1.2290
1145,1137,490.0000,1.3350
1145,1140,317.0000,1.5220
1146,1133,340.0000,1.0900
1147,1130,490.0000,1.3350
1147,1141,317.0000,1.5220
1148,1140,340.0000,1.0900
1149,1141,340.0000,1.0900
1150,1138,340.0000,1.0900
1151,1139,340.0000,1.0900
1152,1142,340.0000,1.0900
1153,1145,570.0000,1.2290
1154,1147,570.0000,1.2290
