ID,neighbours IDs
0,2
1,11
2,10,6,3,0
3,2
4,10
5,15
6,2
7,10
8,19
9,11
10,30,2,4,7
11,22,1,9,17
12,15
13,24
14,25
15,24,5,12,26
16,27
17,11
18,19
19,28,18,8
20,22
21,25
22,20,11,46
23,25,31
24,50,27,15,13
25,58,23,21,14
26,15
27,24,16,53
28,47,29,19
29,28
30,44,10,40,32
31,23
32,30
33,37
34,44
35,45
36,47
37,45,38,33
38,37
39,45
40,30
41,67
42,66
43,44
44,89,30,34,43
45,95,37,39,35
46,80,22,56
47,91,28,51,36
48,69
49,69
50,24,71,63
51,47
52,75
53,67,27,73
54,75
55,66
56,46
57,58
58,70,88,25,57
59,93
60,68
61,71
62,86
63,50
64,101
65,94
66,116,42,74,55
67,53,92,102,41
68,80,60,70
69,86,112,48,49
70,58,68,79
71,123,61,50
72,98
73,53
74,66
75,102,111,52,54
76,113,83
77,107
78,88
79,70
80,46,68,140,81
81,80
82,107
83,76
84,111
85,91
86,130,69,62,117
87,109
88,58,78,144
89,127,44,119,90
90,89
91,137,47,85,118
92,67,104,115
93,120,129,113,59
94,127,65,120
95,138,109,45,103
96,136
97,129
98,125,72,114
99,116
100,130
101,113,110,134,64
102,67,75,139,124
103,95
104,92
105,115
106,143
107,123,158,82,77
108,146
109,95,87,142
110,101
111,75,159,84
112,69,125,132
113,93,76,101,155
114,98
115,137,92,105
116,164,66,99,126
117,86
118,91
119,89
120,93,94,147
121,138
122,156
123,154,71,107,150
124,102
125,112,163,98
126,116
127,181,94,89,128
128,127
129,93,97,175
130,146,86,161,100
131,143
132,112
133,136
134,101
135,140
136,182,96,133
137,115,200,91,141
138,95,190,121
139,102
140,80,152,184,135
141,137
142,156,109,151
143,158,187,106,131
144,185,88,149
145,171
146,180,171,130,108
147,120
148,154
149,144
150,123
151,142
152,140,157
153,183
154,123,186,148
155,113
156,142,219,164,122
157,152
158,107,143,170,193
159,111
160,189
161,130
162,210
163,125,176,174
164,156,116,189,201
165,213
166,185
167,223
168,225
169,227
170,158
171,146,145,246
172,218
173,228
174,163
175,220,129,199
176,163
177,206
178,214
179,184
180,146,183,222
181,127,244,192
182,187,248,136
183,252,153,180
184,140,242,179,195
185,144,229,250,166
186,220,205,154
187,143,182,241
188,233
189,164,191,249,160
190,237,221,138
191,189
192,181
193,158
194,230
195,184
196,256
197,213
198,243
199,175
200,137,224,253
201,164
202,218
203,259
204,267
205,186
206,233,211,177
207,263
208,261
209,230
210,273,219,162
211,206
212,220
213,252,265,197,165
214,237,229,178
215,271
216,250
217,243
218,230,291,172,202
219,156,279,210
220,175,186,302,212
221,190
222,180
223,225,167,278
224,200
225,268,223,255,168
226,283
227,237,281,169,232
228,284,235,173
229,185,262,214
230,313,218,209,194
231,253
232,227
233,259,206,282,188
234,274
235,228
236,298
237,214,190,227,297
238,244
239,268
240,274
241,187
242,184
243,272,305,217,198
244,326,238,181
245,248
246,290,171,275
247,256
248,182,299,245
249,189
250,185,307,287,216
251,287
252,316,183,213,269
253,337,200,231
254,286
255,225
256,281,289,196,247
257,272
258,295
259,295,233,203,294
260,265
261,268,208,317
262,229
263,273,286,207,300
264,290
265,213,260,308
266,315
267,273,204,341
268,351,261,225,239
269,252
270,328
271,284,312,215
272,243,320,257
273,210,267,263,331
274,307,322,240,234
275,246
276,327
277,293
278,223
279,219
280,340
281,227,256,366,285
282,233
283,286,330,226,303
284,361,228,271
285,281
286,263,283,349,254
287,250,323,251,336
288,332
289,256
290,246,293,378,264
291,355,218,305
292,315
293,290,277,314
294,259
295,310,379,259,258
296,330
297,237
298,343,332,236,301
299,248
300,263
301,298
302,220,358,306,338
303,283
304,371
305,243,373,291
306,302
307,250,274,352,347
308,265
309,348
310,295,321,319
311,321
312,271
313,355,230,339,333
314,326,293,334
315,358,357,266,292
316,252,370,329
317,328,261,360
318,354
319,310
320,348,346,272
321,343,311,310
322,274
323,287
324,340
325,332
326,314,244,381,350
327,343,376,276
328,317,354,386,270
329,316
330,283,394,296
331,273
332,298,405,325,288
333,313
334,314
335,363
336,287
337,253,383,363,345
338,302
339,313
340,382,387,280,324
341,348,267,384
342,374
343,327,321,298,391
344,382
345,337
346,320
347,307
348,341,320,422,309
349,286
350,326
351,268,392,368
352,307
353,374
354,328,318,400
355,291,376,313,396
356,363
357,315
358,302,315,423,377
359,381
360,317
361,421,284,369
362,386
363,337,414,335,356
364,370
365,393
366,281,398,367,389
367,366
368,351
369,361
370,427,364,316
371,410,393,304
372,378
373,305
374,435,342,353
375,383
376,355,426,327
377,358
378,290,417,372,397
379,295,416,387
380,381
381,326,445,359,380
382,432,340,344,399
383,337,375,418
384,341
385,392
386,328,410,362,428
387,444,340,379
388,433
389,366
390,419
391,343
392,474,385,351
393,371,472,365
394,330,430,436
395,430
396,355
397,378
398,366
399,382
400,427,354,424
401,456
402,434
403,452
404,437
405,332,434,408,439
406,453
407,432
408,405
409,423
410,386,371,487
411,460
412,421
413,461
414,363
415,436
416,379
417,378,419,459
418,473,383,420
419,417,463,390
420,418
421,433,361,470,412
422,348,437,441,449
423,358,455,409,446
424,400
425,437
426,376
427,400,370,493,442
428,386
429,467
430,394,395,480
431,434
432,444,382,407,478
433,471,421,388,469
434,405,509,431,402
435,461,477,374
436,394,415,490
437,422,516,425,404
438,471
439,405
440,473
441,422
442,427
443,467
444,387,453,432,492
445,381,489,483
446,423
447,460
448,499
449,422
450,483
451,507
452,491,403,481,462
453,444,406,527
454,515
455,423
456,497,491,468,401
457,505
458,459
459,506,417,458
460,523,411,447,476
461,514,435,488,413
462,452
463,419,508,464
464,463
465,497
466,489
467,540,443,429,479
468,456
469,433
470,421
471,474,433,522,438
472,393,513,500
473,418,529,499,440
474,503,392,471,504
475,525
476,460
477,435
478,432
479,467
480,430
481,452
482,534
483,552,445,450
484,491
485,493
486,497
487,513,410,521
488,461
489,445,558,466
490,436
491,456,452,484,544
492,444
493,427,505,557,485
494,536
495,507
496,530
497,573,456,465,486
498,514
499,473,542,526,448
500,472,545
501,551
502,523
503,474,520,511
504,474
505,493,549,457,510
506,508,459,533
507,547,451,495,531
508,463,506,538
509,434,537,528,517
510,505
511,503
512,520
513,472,487,569
514,585,515,461,498
515,514,454,576
516,437,559,530
517,509
518,563
519,547
520,543,512,503
521,487
522,471
523,587,460,536,502
524,543
525,567,475,541
526,499
527,543,453,562
528,509
529,473,539,570
530,516,496,582
531,507
532,534
533,506
534,568,567,532,482
535,568
536,523,494,550,580
537,509
538,508
539,529
540,563,467
541,525
542,499,555
543,527,520,620,524
544,491
545,500
546,588
547,613,507,551,519
548,583
549,505
550,536
551,547,501,581,579
552,592,483,575
553,557
554,593
555,542
556,570
557,493,604,572,553
558,489,592,590
559,516
560,571
561,583
562,527
563,600,540,599,518
564,593
565,600
566,602
567,534,626,525
568,571,633,534,535
569,513
570,623,529,556
571,568,586,560
572,557
573,602,497,603,578
574,587
575,552
576,588,515,612
577,583
578,573
579,551
580,536
581,551
582,530
583,646,577,548,561
584,628
585,514,622,596
586,588,601,571
587,632,523,607,574
588,576,586,647,546
589,614
590,558
591,615
592,558,552,644
593,619,639,564,554
594,615
595,605
596,585
597,619
598,600
599,563
600,657,563,598,565
601,586
602,605,656,573,566
603,573
604,557
605,602,611,595
606,623
607,587
608,643
609,645
610,622
611,613,624,605
612,576
613,641,611,547,640
614,632,589,634
615,654,594,648,591
616,673
617,619
618,641
619,687,593,597,617
620,543,642,631,636
621,638
622,683,610,585
623,570,674,645,606
624,611
625,668
626,567
627,643
628,634,660,650,584
629,650
630,669
631,620
632,696,614,587,635
633,568,681,639
634,628,614,659
635,632
636,620
637,660
638,642,664,621
639,709,593,633
640,613
641,613,714,618
642,620,638,675
643,669,704,627,608
644,592,667
645,623,699,609,672
646,650,583,694,666
647,588,652,649,692
648,615
649,647
650,628,646,629,713
651,715
652,647
653,703
654,703,615
655,688
656,602,663,724
657,708,685,600,661
658,664
659,634
660,628,637,735
661,657
662,706
663,656
664,638,697,658
665,685
666,646
667,644
668,734,625,671,677
669,683,643,720,630
670,710
671,668
672,645
673,699,616,711
674,623,701,688
675,707,642,678
676,694
677,668
678,675
679,747
680,741
681,633
682,737
683,717,622,669,730
684,708
685,657,665,738
686,694
687,709,619,691,732
688,744,674,655
689,710
690,711
691,687
692,647
693,753
694,646,686,676,758
695,696
696,632,774,695
697,664,707,727
698,762
699,645,673,722,757
700,752
701,674
702,779
703,773,654,653,726
704,643,759,706
705,760
706,704,662,751
707,697,675,736
708,657,786,684
709,639,781,687,733
710,784,670,689,729
711,673,766,690
712,767
713,650
714,744,764,641
715,734,651,756,721
716,739
717,683,749,719
718,724
719,717
720,669
721,715
722,699
723,771
724,805,656,718
725,734
726,703
727,697
728,752
729,710
730,683
731,778
732,687
733,709
734,810,715,668,725
735,788,660,755
736,707
737,767,682,769
738,771,685,754
739,799,716
740,760
741,778,770,680
742,796
743,792
744,688,714,753,800
745,791
746,801
747,769,761,780,679
748,773
749,788,750,717
750,749
751,706
752,821,772,728,700
753,744,793,787,693
754,738
755,735
756,715
757,699
758,694
759,704
760,823,784,705,740
761,747
762,813,781,698
763,793
764,714
765,807
766,711
767,806,737,811,712
768,791
769,747,737,803
770,741
771,738,834,799,723
772,752,847
773,812,703,809,748
774,839,785,696
775,812
776,792
777,804
778,813,741,731,816
779,829,702,806
780,747
781,709,840,762
782,811
783,835,794
784,760,710,825,802
785,774
786,819,814,708
787,753
788,735,749,860,789
789,788
790,827
791,819,846,745,768
792,829,847,776,743
793,753,807,763,845
794,783
795,801
796,821,844,742
797,833
798,838
799,771,739,833,837
800,744
801,853,823,746,795
802,784
803,769
804,819,828,777
805,724,828,857,808
806,767,779,859
807,793,765,864
808,805
809,773
810,878,734,818,820
811,767,881,782,830
812,865,850,773,775
813,762,844,778,856
814,786
815,851
816,778
817,850
818,810
819,804,786,791,875
820,810
821,796,852,752,861
822,835
823,801,760,870,836
824,862
825,784
826,838
827,853,852,790
828,805,867,804
829,891,779,792,843
830,811
831,838
832,855
833,799,848,884,797
834,771,842,879
835,839,783,897,822
836,823
837,799
838,907,798,826,831
839,862,774,835,883
840,781
841,876
842,834
843,829
844,813,902,796
845,793
846,791,851,898
847,792,772
848,833
849,853
850,812,817,911
851,846,901,815
852,821,896,827
853,827,920,801,849
854,857
855,857,832,872
856,813
857,805,855,854,906
858,860
859,806
860,788,904,889,858
861,821
862,839,917,824
863,889
864,807
865,812,888,880
866,881
867,828
868,900
869,879
870,823
871,872
872,855,885,871
873,878
874,916
875,819
876,878,841,908
877,888
878,930,876,810,873
879,929,834,869
880,865
881,811,915,905,866
882,900
883,839
884,833
885,872
886,891
887,921
888,934,877,865
889,860,933,892,863
890,915
891,829,941,886
892,889
893,904
894,897
895,919
896,852
897,835,894,935,913
898,931,846,919
899,937,955
900,934,937,882,868
901,851,931,914
902,844
903,904
904,860,943,893,903
905,881
906,857
907,945,838,921,909
908,916,876,927
909,907
910,936
911,942,850,928
912,939
913,897
914,901
915,881,890,969
916,908,951,939,874
917,929,954,862
918,921
919,898,965,895
920,853,947,936
921,907,887,918,957
922,942
923,953
924,964
925,930
926,971
927,908
928,911
929,879,917,970,944
930,878,988,925
931,901,898,982
932,945
933,889
934,968,888,900,956
935,897
936,998,920,910
937,900,899,959,974
938,955
939,916,953,912,984
940,951
941,994,952,891
942,911,967,997,922
943,904
944,929
945,1009,907,932,948
946,991
947,920
948,945
949,970
950,978
951,916,940,1002
952,941
953,939,962,996,923
954,917
955,899,938,983,993
956,934
957,921
958,968
959,937
960,1001
961,962
962,953,961,977
963,1012
964,1000,924
965,919,999,989
966,976
967,942,980,976
968,934,1007,958
969,915,992,995
970,929,991,949,1010
971,1018,973,926,985
972,1008
973,971
974,937
975,1016
976,994,967,966
977,962
978,997,950
979,1000
980,967
981,1015
982,999,931,1004
983,955
984,939
985,971
986,1017
987,1001
988,1034,990,930
989,965
990,988
991,970,1024,946,1013
992,969
993,955
994,976,941,1015,1028
995,969
996,953
997,942,978,1040,1020
998,936,1036,1000,1014
999,965,982,1031
1000,998,964,1051,979
1001,1045,1017,960,987
1002,1039,951,1005
1003,1033
1004,982
1005,1002
1006,1018
1007,1039,1021,968
1008,1009,1047,972
1009,1008,1046,945,1027
1010,970
1011,1030
1012,1043,1018,1030,963
1013,991
1014,998
1015,994,1035,1042,981
1016,1043,1036,975
1017,1001,1029,986,1044
1018,1012,971,1052,1006
1019,1033
1020,997
1021,1007
1022,1040
1023,1050
1024,991,1032,1037
1025,1030
1026,1034
1027,1009
1028,994
1029,1017
1030,1012,1011,1025,1064
1031,999
1032,1024
1033,1071,1045,1003,1019
1034,1067,988,1050,1026
1035,1015
1036,998,1070,1016
1037,1024
1038,1054
1039,1002,1007,1074,1048
1040,997,1059,1056,1022
1041,1065
1042,1015
1043,1016,1047,1012,1072
1044,1017
1045,1033,1001,1069,1058
1046,1009,1061,1054
1047,1043,1076,1008
1048,1039
1049,1051
1050,1034,1055,1083,1023
1051,1000,1049,1068,1066
1052,1018
1053,1073
1054,1078,1046,1038
1055,1050,1075
1056,1040
1057,1073
1058,1045
1059,1040
1060,1085
1061,1046
1062,1071
1063,1074
1064,1030
1065,1094,1041,1067
1066,1051
1067,1034,1065,1087
1068,1051
1069,1045
1070,1036
1071,1078,1033,1062,1093
1072,1043
1073,1098,1057,1053,1080
1074,1039,1097,1063,1082
1075,1055
1076,1047
1077,1078
1078,1054,1110,1071,1077
1079,1085
1080,1073
1081,1083
1082,1074
1083,1050,1090,1081,1101
1084,1104
1085,1094,1079,1100,1060
1086,1108
1087,1067
1088,1099
1089,1105
1090,1083
1091,1097
1092,1098
1093,1071
1094,1099,1065,1085,1112
1095,1115
1096,1113
1097,1074,1120,1109,1091
1098,1113,1073,1118,1092
1099,1094,1117,1088
1100,1085
1101,1083
1102,1116
1103,1105
1104,1116,1121,1084
1105,1108,1133,1103,1089
1106,1122
1107,1118
1108,1123,1121,1105,1086
1109,1097
1110,1078,1127,1115
1111,1130
1112,1094
1113,1140,1098,1096,1119
1114,1120
1115,1141,1110,1095
1116,1104,1117,1102,1136
1117,1116,1132,1099
1118,1098,1107,1126,1134
1119,1113
1120,1097,1114,1143
1121,1108,1144,1104
1122,1142,1106,1123
1123,1108,1139,1122
1124,1138
1125,1137
1126,1118
1127,1110
1128,1139
1129,1138
1130,1140,1147,1111
1131,1133
1132,1117
1133,1105,1139,1146,1131
1134,1118
1135,1142
1136,1116
1137,1142,1145,1125
1138,1141,1150,1129,1124
1139,1133,1123,1151,1128
1140,1130,1145,1113,1148
1141,1115,1147,1138,1149
1142,1137,1122,1135,1152
1143,1120
1144,1121
1145,1140,1153,1137
1146,1133
1147,1141,1154,1130
1148,1140
1149,1141
1150,1138
1151,1139
1152,1142
1153,1145
1154,1147
