ID,three bonds apart neighbours IDs
0,30,4,7
1,20,46
2,44,40,32
3,30,4,7
4,6,3,0,44,40,32
5,50,27,13
6,30,4,7
7,6,3,0,44,40,32
8,47,29
9,20,46
10,89,34,43
11,80,56
12,50,27,13
13,5,12,26,16,53,71,63
14,31,70,88,57
15,16,53,71,63
16,50,15,13,67,73
17,20,46
18,47,29
19,91,51,36
20,1,9,17,80,56
21,31,70,88,57
22,68,140,81
23,70,88,57
24,67,73,123,61
25,68,79,78,144
26,50,27,13
27,5,12,26,71,63,92,102,41
28,137,85,118
29,18,8,91,51,36
30,6,3,0,127,119,90
31,58,21,14
32,2,4,7,89,34,43
33,95,39,35
34,10,40,32,127,119,90
35,38,33,138,109,103
36,29,19,137,85,118
37,138,109,103
38,95,39,35
39,38,33,138,109,103
40,2,4,7,89,34,43
41,27,73,104,115,75,139,124
42,164,99,126
43,10,40,32,127,119,90
44,2,4,7,181,94,128
45,87,142,190,121
46,1,9,17,60,70,152,184,135
47,18,8,115,200,141
48,130,62,117,125,132
49,130,62,117,125,132
50,5,12,26,16,53,154,107,150
51,29,19,137,85,118
52,67,139,124,159,84
53,50,15,13,104,115,75,139,124
54,67,139,124,159,84
55,164,99,126
56,20,11,68,140,81
57,23,21,14,68,79,78,144
58,31,80,60,185,149
59,76,101,155,94,147,97,175
60,58,79,46,140,81
61,24,63,154,107,150
62,112,48,49,146,161,100
63,27,15,13,123,61
64,93,76,155
65,93,147,181,89,128
66,156,189,201
67,24,16,111,52,54,137,105
68,22,56,88,25,57,152,184,135
69,163,98,146,161,100
70,23,21,14,46,140,81,78,144
71,27,15,13,158,82,77,186,148
72,112,163
73,24,16,92,102,41
74,164,99,126
75,53,92,41
76,120,129,59,110,134,64
77,154,71,150,143,170,193
78,70,25,57,185,149
79,88,25,57,80,60
80,20,11,58,79,157,242,179,195
81,22,56,60,70,152,184,135
82,154,71,150,143,170,193
83,93,101,155
84,102,52,54
85,28,51,36,115,200,141
86,125,132,180,171,108
87,138,45,103,156,151
88,23,21,14,68,79,229,250,166
89,10,40,32,65,120,244,192
90,30,34,43,181,94,128
91,29,19,92,105,224,253
92,27,73,75,139,124,200,91,141
93,83,127,65,110,134,64,220,199
94,44,119,90,129,113,59,244,192
95,38,33,156,151,237,221
96,187,248
97,120,113,59,220,199
98,69,132,176,174
99,42,74,55,156,189,201
100,69,62,117,180,171,108
101,83,120,129,59
102,27,73,104,115,159,84
103,37,39,35,87,142,190,121
104,53,102,41,137,105
105,67,104,200,91,141
106,107,170,193,182,241
107,61,50,187,106,131,186,148
108,86,161,100,145,246,183,222
109,37,39,35,190,121,219,164,122
110,93,76,155
111,67,139,124
112,130,62,117,72,114,176,174
113,94,147,97,175
114,112,163
115,53,102,41,47,85,118,224,253
116,142,219,122,191,249,160
117,112,48,49,146,161,100
118,28,51,36,115,200,141
119,30,34,43,181,94,128
120,76,101,155,181,89,128,97,175
121,109,45,103,237,221
122,109,151,116,189,201,279,210
123,24,63,143,170,193,220,205
124,53,92,41,111,52,54
125,86,48,49
126,42,74,55,156,189,201
127,30,34,43,93,147,326,238
128,44,119,90,65,120,244,192
129,76,101,155,94,147,186,302,212
130,112,48,49,145,246,183,222
131,107,170,193,182,241
132,86,48,49,163,98
133,187,248
134,93,76,155
135,46,68,81,157,242,179,195
136,143,241,299,245
137,28,51,36,67,104,337,231
138,37,39,35,87,142,214,227,297
139,53,92,41,111,52,54
140,22,56,60,70
141,47,85,118,92,105,224,253
142,138,45,103,116,189,201,279,210
143,123,82,77,248,136
144,70,25,57,262,214,307,287,216
145,180,130,108,290,275
146,69,62,117,252,153,290,275
147,129,113,59,127,65
148,71,107,150,220,205
149,58,78,229,250,166
150,61,50,158,82,77,186,148
151,95,87,219,164,122
152,46,68,81,242,179,195
153,146,222,316,213,269
154,61,50,158,82,77,175,302,212
155,83,120,129,59,110,134,64
156,95,87,66,99,126,191,249,160,273,162
157,80,184,135
158,154,71,150,182,241
159,102,52,54
160,156,116,201
161,69,62,117,180,171,108
162,156,279,267,263,331
163,72,114,69,132
164,42,74,55,109,151,279,210
165,316,183,269,260,308
166,88,149,262,214,307,287,216
167,268,255,168
168,167,278,351,261,239
169,214,190,297,256,366,285
170,123,82,77,187,106,131
171,86,161,100,183,222,293,378,264
172,313,209,194,355,305
173,361,271
174,112,98
175,120,113,59,205,154,358,306,338
176,112,98
177,259,282,188
178,185,262,190,227,297
179,80,152,135
180,86,161,100,145,246,316,213,269
181,44,119,90,65,120,314,381,350
182,158,106,131
183,171,130,108,265,197,165,370,329
184,46,68,81,157
185,58,78,237,178,323,251,336,274,352,347
186,71,107,150,129,199,358,306,338
187,96,133,107,170,193,299,245
188,211,177,295,203,294
189,66,99,126,142,219,122
190,109,45,103,229,178,281,169,232
191,156,116,201
192,94,89,128,326,238
193,123,82,77,187,106,131
194,291,172,202,355,339,333
195,80,152,135
196,227,366,285
197,316,183,269,260,308
198,320,257,373,291
199,93,97,186,302,212
200,47,85,118,92,105,383,363,345
201,66,99,126,142,219,122,191,249,160
202,313,209,194,355,305
203,206,282,188,310,379,258
204,210,263,331,348,384
205,123,148,175,302,212
206,295,203,294
207,210,267,331,283,349,254
208,351,225,239,328,360
209,291,172,202,355,339,333
210,142,164,122,286,207,300,204,341
211,259,282,188
212,129,199,205,154,358,306,338
213,153,180,370,329
214,144,250,166,221,138,281,169,232
215,361,228
216,144,229,166,323,251,336,274,352,347
217,320,257,373,291
218,243,373,339,333,376,396
219,109,151,116,189,201,267,263,331
220,93,97,123,148,315,423,377
221,95,121,214,227,297
222,171,130,108,252,153
223,351,261,239
224,115,91,141,337,231
225,208,317,392,368
226,263,349,254,394,296
227,221,138,229,178,289,196,247,398,367,389
228,312,215,421,369
229,88,149,190,227,297,307,287,216
230,305,376,396
231,137,224,383,363,345
232,214,190,297,256,366,285
233,310,379,258
234,250,352,347
235,361,271
236,405,325,288,327,321,391
237,95,121,185,262,256,366,285
238,127,192,314,381,350
239,223,255,168,208,317,392,368
240,250,352,347
241,158,106,131,248,136
242,80,152,135
243,355,218,348,346
244,94,89,128,293,334,445,359,380
245,187,136
246,180,130,108,277,314,417,372,397
247,227,366,285
248,96,133,143,241
249,156,116,201
250,88,149,262,214,322,240,234
251,185,307,216
252,146,222,260,308,427,364
253,115,91,141,414,335,356,375,418
254,273,207,300,330,226,303
255,167,278,351,261,239
256,237,169,232,398,367,389
257,305,217,198,348,346
258,233,203,294,321,319,416,387
259,211,177,321,319,416,387
260,252,197,165
261,223,255,168,354,386,270,392,368
262,144,250,166,237,178
263,219,162,204,341,330,226,303
264,171,275,277,314,417,372,397
265,316,183,269
266,302,423,377
267,219,162,286,207,300,320,422,309
268,167,278,328,360,474,385
269,153,180,265,197,165,370,329
270,261,360,318,400,410,362,428
271,235,173,421,369
272,373,291,341,422,309
273,156,279,283,349,254,348,384
274,185,287,216
275,146,145,293,378,264
276,321,298,391,355,426
277,246,378,264,326,334
278,268,255,168
279,142,164,122,273,162
280,432,344,399,444,379
281,214,190,297
282,211,177,295,203,294
283,273,207,300,430,436
284,433,470,412
285,237,169,232,289,196,247,398,367,389
286,210,267,331,394,296
287,144,229,166,274,352,347
288,343,236,301,434,408,439
289,227,366,285
290,146,145,326,334,419,459
291,209,194,272,217,198,339,333,426,327
292,302,423,377
293,171,275,244,381,350,417,372,397
294,206,282,188,310,379,258
295,206,282,188,343,311,444,340
296,286,226,303,430,436
297,221,138,229,178,281,169,232
298,311,310,376,276,434,408,439
299,187,136
300,210,267,331,283,349,254
301,405,325,288,327,321,391
302,129,199,205,154,357,266,292,455,409,446
303,263,349,254,394,296
304,472,365,386,487
305,230,172,202,320,257,376,313,396
306,175,186,212,315,423,377
307,144,229,166,323,251,336
308,252,197,165
309,346,272,267,384,437,441,449
310,233,203,294,327,298,391,416,387
311,295,319,327,298,391
312,361,228
313,172,202,305,426,327
314,238,181,246,378,264,445,359,380
315,220,306,338,455,409,446
316,153,180,265,197,165,400,493,442
317,351,225,239,318,400,410,362,428
318,317,386,270,427,424
319,379,259,258,343,311
320,305,217,198,267,384,437,441,449
321,379,259,258,332,236,301,376,276
322,250,352,347
323,185,307,216
324,432,344,399,444,379
325,343,236,301,434,408,439
326,127,192,290,277,489,483
327,332,236,301,311,310,291,313,396
328,268,208,427,424,371,487
329,183,213,269,427,364
330,263,349,254,395,480,415,490
331,219,162,286,207,300,204,341
332,327,321,391,509,431,402
333,218,209,194,291,376,396
334,290,277,244,381,350
335,253,383,345
336,185,307,216
337,137,224,473,420
338,175,186,212,315,423,377
339,218,209,194,291,376,396
340,295,416,407,478,453,492
341,210,263,331,346,272,437,441,449
342,461,477
343,295,319,405,325,288,355,426
344,387,280,324,444,407,478
345,200,231,414,335,356,375,418
346,243,257,341,422,309
347,185,287,216,322,240,234
348,273,204,243,257,516,425,404
349,273,207,300,330,226,303
350,238,181,293,334,445,359,380
351,223,255,168,208,317,503,471,504
352,185,287,216,322,240,234
353,461,477
354,261,360,410,362,428,370,493,442
355,172,202,209,194,243,373,343,276
356,253,383,345
357,302,423,377
358,175,186,212
359,314,244,350,489,483
360,268,208,354,386,270
361,235,173,312,215,471,388,469
362,317,354,270,371,487
363,200,231,375,418
364,252,329,400,493,442
365,410,304,513,500
366,237,169,232,289,196,247
367,227,256,285
368,261,225,239,474,385
369,228,271,433,470,412
370,183,213,269,354,424,505,557,485
371,328,362,428,513,500,513,521
372,246,293,264,419,459
373,272,217,198,355,218
374,514,488,413
375,253,363,345,473,420
376,218,305,230,339,333,321,298,391
377,220,306,338,357,266,292,455,409,446
378,171,275,277,314,463,390,506,458
379,233,203,294,321,319,382,280,324,453,432,492
380,314,244,350,489,483
381,238,181,293,334,552,450,558,466
382,379,453,492
383,200,231,414,335,356,529,499,440
384,273,204,320,422,309
385,268,368,503,471,504
386,261,360,318,400,393,304,513,521
387,310,259,258,344,399,407,478,406,527
388,361,470,412,474,522,438
389,227,256,285
390,378,459,508,464
391,332,236,301,311,310,376,276
392,261,225,239,433,522,438,520,511
393,386,487,545,487,569
394,286,226,303
395,330,436
396,218,305,230,339,333,426,327
397,246,293,264,419,459
398,227,256,285
399,387,280,324,444,407,478
400,317,386,270,364,316,505,557,485
401,452,484,544,573,465,486
402,332,408,439,537,528,517
403,456,484,544
404,348,441,449,559,530
405,343,236,301,537,528,517
406,387,432,492,543,562
407,340,344,399,387,453,492
408,298,325,288,509,431,402
409,302,315,377
410,317,354,270,472,365,472,569
411,587,536,502
412,284,369,471,388,469
413,477,374,585,515,498
414,253,383,345
415,330,430
416,310,259,258,444,340
417,246,293,264,508,464,508,533
418,253,363,345,542,526,448,539,570
419,290,372,397,506,458,506,538
420,337,375,529,499,440
421,228,271,474,522,438
422,346,272,267,384,559,530
423,220,306,338,357,266,292
424,328,318,370,493,442
425,348,441,449,559,530
426,343,276,291,313,396
427,252,329,328,318,549,457,510,604,572,553
428,317,354,270,371,487
429,563
430,283,296,415,490
431,332,408,439,537,528,517
432,280,324,379,406,527
433,284,369,503,392,504
434,298,325,288
435,585,515,498
436,283,296,395,480
437,341,320,309,496,582
438,421,388,469,503,392,504
439,298,325,288,509,431,402
440,383,420,542,526,448,539,570
441,341,320,309,516,425,404
442,364,316,354,424,505,557,485
443,563
444,280,324,295,416,344,399,543,562
445,314,244,350,592,575,592,590
446,302,315,377
447,587,536,502
448,418,529,440,555
449,341,320,309,516,425,404
450,381,489,592,575
451,613,551,519
452,497,468,401
453,340,379,382,407,478,520,620,524
454,585,461,498,588,612
455,302,315,377
456,403,481,462,602,603,578
457,427,557,485
458,378,419,508,533
459,290,372,397,463,390,463,538
460,494,550,580,632,607,574
461,342,353,454,576,622,596
462,456,484,544
463,378,459,459,533
464,417,390,506,538
465,491,468,401,602,603,578
466,381,483,592,590
467,600,599,518
468,452,484,544,573,465,486
469,361,470,412,474,522,438
470,284,369,471,388,469
471,385,351,361,470,412,520,511
472,410,304,410,521
473,337,375,555,623,556
474,268,368,421,388,469,543,512
475,534,626
476,587,536,502
477,342,353,514,488,413
478,340,344,399,387,453,492
479,563
480,330,436
481,456,484,544
482,626,525,571,633,535
483,326,359,380,558,466,558,644
484,403,481,462,497,468,401
485,400,370,442,549,457,510,604,572,553
486,491,468,401,602,603,578
487,393,304,328,362,428,393,500
488,477,374,585,515,498
489,326,359,380,552,450,552,644
490,330,430
491,573,465,486
492,340,379,382,407,478,406,527
493,364,316,354,424
494,587,460,502
495,613,551,519
496,437,559
497,452,484,544,605,656,566
498,435,488,413,454,576,622,596
499,383,420,539,570
500,371,365,487,569
501,613,507,519
502,411,447,476,494,550,580,632,607,574
503,385,351,433,522,438,527,620,524
504,385,351,433,522,438,520,511
505,400,370,442,604,572,553
506,378,419,419,464
507,501,581,579,641,611,640
508,417,390,417,458
509,332,408,439
510,427,557,485
511,392,471,504,543,512
512,474,511,527,620,524
513,371,365,386,371,545
514,477,374,588,612,683,610
515,435,488,413,622,596,586,647,546
516,348,441,449
517,405,431,402
518,467,657,598,565
519,451,495,531,501,581,579,641,611,640
520,392,471,504,453,562,642,631,636
521,386,371,472,569
522,421,388,469,503,392,504
523,696,614,635
524,512,503,453,562,642,631,636
525,568,532,482
526,418,529,440,555
527,387,432,492,512,503,642,631,636
528,405,431,402
529,383,420,542,526,448,674,645,606
530,422,425,404
531,613,551,519
532,626,525,571,633,535
533,417,458,463,538
534,475,541,586,560,681,639
535,567,532,482,586,560,681,639
536,411,447,476,632,607,574
537,405,431,402
538,419,464,459,533
539,418,499,440,623,556
540,657,598,565
541,534,626
542,418,529,440
543,444,406,474,511,638,675
544,403,481,462,497,468,401
545,393,513
546,515,612,601,571,652,649,692
547,624,605,714,618
548,650,694,666
549,427,557,485
550,587,460,502
551,451,495,531,641,611,640
552,381,489,489,590,667
553,427,505,485
554,687,597,617,709,633
555,473,526,448
556,473,539,674,645,606
557,400,370,442,549,457,510
558,381,483,483,575,667
559,422,425,404,496,582
560,633,534,535,588,601
561,650,694,666
562,444,406,520,620,524
563,443,429,479,708,685,661
564,687,597,617,709,633
565,540,599,518,708,685,661
566,497,603,578,611,595,663,724
567,571,633,535
568,626,525,588,601,709,593
569,393,500,410,521
570,418,499,440,699,609,672,701,688
571,567,532,482,576,647,546,681,639
572,427,505,485
573,491,468,401,611,595,663,724
574,460,536,502,696,614,635
575,445,450,558,644
576,585,461,498,601,571,652,649,692
577,650,694,666
578,456,465,486,605,656,566
579,613,507,519
580,587,460,502
581,613,507,519
582,437,559
583,628,629,713,686,676,758
584,614,659,646,629,713,637,735
585,435,488,413,454,576,717,669,730
586,633,534,535,515,612,652,649,692
587,411,447,476,494,550,580,589,634,774,695
588,514,454,568,560
589,696,587,635,628,659
590,445,466,552,644
591,703
592,445,450,445,466
593,568,681,691,732,781,733
594,703
595,656,573,566,613,624
596,515,461,498,683,610
597,639,564,554,709,691,732
598,540,599,518,708,685,661
599,467,657,598,565
600,467,665,738,786,684
601,568,560,576,647,546
602,456,465,486,613,624,805,718
603,456,465,486,605,656,566
604,427,505,485
605,497,603,578,641,547,640,663,724
606,529,556,699,609,672,701,688
607,460,536,502,696,614,635
608,683,720,630,759,706
609,570,674,606,673,722,757
610,514,596,717,669,730
611,507,551,519,656,573,566,714,618
612,514,454,586,647,546
613,451,495,531,501,581,579,602,595,744,764
614,523,607,574,660,650,584,774,695
615,773,653,726
616,645,722,757,766,690
617,639,564,554,709,691,732
618,611,547,640,744,764
619,633,781,733
620,512,503,453,562,664,621,707,678
621,620,675,697,658
622,515,461,498,643,720,630,749,719
623,473,539,744,655,673,722,757
624,602,595,641,547,640
625,810,715,725
626,475,541,568,532,482
627,683,720,630,759,706
628,632,589,583,694,666,788,755
629,634,660,584,583,694,666
630,704,627,608,717,622,730
631,527,520,524,638,675
632,460,536,502,628,659,839,785
633,567,532,482,586,560,619,564,554,781,687,733
634,696,587,635,646,629,713,637,735
635,523,607,574,589,634,774,695
636,527,520,524,638,675
637,634,650,584,788,755
638,543,631,636,707,678,707,727
639,571,534,535,597,617,691,732,840,762
640,507,551,519,624,605,714,618
641,507,551,519,624,605,688,753,800
642,527,520,524,697,658,697,736
643,717,622,730,662,751
644,483,575,489,590
645,529,556,616,711,701,688
646,634,660,584
647,515,612,601,571
648,703
649,576,586,546
650,577,548,561,614,659,637,735,686,676,758
651,810,668,725
652,576,586,546
653,615,812,809,748
654,812,809,748
655,623,701,714,753,800
656,497,603,578,611,595,828,857,808
657,540,599,518,771,754,819,814
658,642,621,707,727
659,632,589,660,650,584
660,614,659,646,629,713,749,860,789
661,563,598,565,665,738,786,684
662,643,759
663,605,573,566,805,718
664,620,675,675,736
665,708,600,661,771,754
666,577,548,561,628,629,713,686,676,758
667,558,552
668,651,756,721,878,818,820
669,610,585,759,706,749,719
670,760,825,802
671,810,715,725
672,570,674,606,673,722,757
673,623,609,672
674,529,556,699,609,672,714,753,800
675,543,631,636,664,621,664,727
676,650,583,666
677,810,715,725
678,620,638,697,736
679,737,803
680,813,731,816
681,571,534,535,709,593
682,806,811,712,747,803
683,514,596,704,627,608,788,750
684,685,600,661,819,814
685,563,598,565,786,684,834,799,723
686,650,583,666
687,564,554,633,840,762
688,570,645,606,764,641,793,787,693
689,760,825,802
690,699,616
691,593,597,617,639,781,733
692,576,586,546
693,688,714,800,807,763,845
694,577,548,561,628,629,713
695,614,587,635,839,785
696,523,607,574,589,634,862,835,883
697,642,621,642,678
698,709,840,844,778,856
699,570,674,606,766,690
700,847,796,852,861
701,570,645,606,744,655
702,767,859,891,792,843
703,594,648,591,865,850,775
704,683,720,630
705,710,825,802,801,870,836
706,669,627,608
707,620,638,638,658
708,563,598,565,665,738,804,791,875
709,564,554,597,617,568,681,813,698
710,823,705,740
711,645,722,757
712,682,769,779,859,881,782,830
713,634,660,584,583,694,666
714,611,547,640,674,655,793,787,693
715,625,671,677,878,818,820
716,771,833,837
717,610,585,643,720,630,735,860,789
718,602,663,828,857,808
719,622,669,730,788,750
720,704,627,608,717,622,730
721,810,668,725
722,623,609,672,616,711
723,685,754,739,833,837,842,879
724,605,573,566,867,804,855,854,906
725,625,671,677,651,756,721,878,818,820
726,615,812,809,748
727,638,658,675,736
728,847,796,852,861
729,760,825,802
730,610,585,643,720,630,749,719
731,770,680,762,844,856
732,593,597,617,639,781,733
733,593,633,619,691,732,840,762
734,930,876,873
735,634,650,584,750,717,904,889,858
736,642,678,664,727
737,761,780,679,779,859,881,782,830
738,708,600,661,739,833,837,842,879
739,738,834,723,848,884,797
740,710,825,802,801,870,836
741,762,844,856
742,852,752,861,813,902
743,891,779,843,772
744,613,618,623,701,807,763,845
745,804,786,875,851,898
746,760,870,836,827,920,849
747,767,682
748,654,653,726,865,850,775
749,622,669,730,660,755,904,889,858
750,683,719,735,860,789
751,643,759
752,844,742,792,896,827
753,674,655,764,641,765,864
754,657,665,834,799,723
755,628,637,749,860,789
756,810,668,725
757,623,609,672,616,711
758,650,583,666
759,669,627,608,662,751
760,670,689,729,853,746,795
761,737,803
762,639,687,733,741,731,816,902,796
763,744,787,693,765,864
764,613,618,688,753,800
765,753,763,845
766,699,616
767,747,803,829,702,915,905,866
768,804,786,875,851,898
769,806,811,712
770,813,731,816
771,657,665,716,848,884,797,929,869
772,829,776,743,796,852,861
773,615,817,911,888,880
774,614,587,635,783,897,822,917,824
775,703,809,748,817,911,888,880
776,891,779,843,772
777,786,791,875,805,867
778,781,698,902,796
779,737,811,712,847,776,743,941,886
780,737,803
781,593,633,619,691,732,844,778,856
782,806,737,712,915,905,866
783,862,774,883,894,935,913
784,801,870,836
785,632,695,862,835,883
786,685,600,661,846,745,768,828,777
787,688,714,800,807,763,845
788,628,637,683,719,933,892,863,943,893,903
789,660,755,750,717,904,889,858
790,821,896,920,801,849
791,814,708,828,777,901,815,931,919
792,752,702,806,941,886
793,688,714,800
794,839,897,822
795,760,870,836,827,920,849
796,772,728,700,762,778,856,896,827
797,771,739,837
798,945,921,909
799,685,754,842,879
800,674,655,764,641,793,787,693
801,784,705,740,852,790,947,936
802,670,689,729,823,705,740
803,767,682,761,780,679
804,814,708,846,745,768,724,857,808
805,602,663,819,777,832,872
806,682,769,881,782,830,891,792,843
807,744,787,693
808,656,718,867,804,855,854,906
809,654,653,726,865,850,775
810,625,671,677,651,756,721,841,908,988,925
811,682,769,779,859,890,969
812,654,653,726,934,877,942,928
813,770,680,709,840,821,742
814,657,684,804,791,875
815,791,898,931,914
816,770,680,762,844,856
817,865,773,775,942,928
818,715,668,725,930,876,873
819,657,684,805,867,851,898
820,715,668,725,930,876,873
821,847,853,790,813,902
822,794,862,774,883,894,935,913
823,710,825,802,827,920,849
824,774,835,883,929,954
825,670,689,729,823,705,740
826,945,921,909
827,823,746,795,796,752,861,947,936
828,656,718,786,791,875,855,854,906
829,767,859,772,994,952
830,806,737,712,915,905,866
831,945,921,909
832,805,854,906,885,871
833,716,738,834,723
834,685,754,739,833,837,917,970,944
835,785,696,917,824
836,784,705,740,853,746,795
837,716,738,834,723,848,884,797
838,887,918,957,1009,932,948
839,632,695,794,894,935,913,929,954
840,639,687,733,813,698
841,930,810,873,916,927
842,738,799,723,929,869
843,702,806,847,776,743,941,886
844,781,698,741,731,816,852,752,861
845,744,787,693,765,864
846,804,786,875,914,965,895,982
847,821,728,700,891,779,843
848,771,739,837
849,823,746,795,852,790,947,936
850,703,809,748,888,880,967,997,922
851,819,745,768,919,982
852,772,728,700,844,742,920,801,849
853,760,870,836,821,896,998,910
854,724,828,808,832,872
855,724,828,808
856,781,698,741,731,816,902,796
857,656,718,867,804,885,871
858,735,749,789,933,892,863,943,893,903
859,737,811,712,829,702
860,660,755,750,717
861,772,728,700,844,742,896,827
862,785,696,783,897,822,879,970,944
863,788,904,858
864,753,763,845
865,703,809,748,817,911,968,900,956
866,767,782,830,890,969
867,819,777,724,857,808
868,968,888,956,899,959,974
869,771,842,917,970,944
870,784,705,740,853,746,795
871,857,832
872,805,854,906
873,734,818,820,841,908,988,925
874,876,927,953,912,984,940,1002
875,814,708,846,745,768,828,777
876,734,818,820,951,939,874,988,925
877,812,880,968,900,956
878,715,668,725,916,927,1034,990
879,738,799,723,954,862,991,949,1010
880,850,773,775,934,877
881,806,737,712,992,995
882,968,888,956,899,959,974
883,785,696,783,897,822,917,824
884,771,739,837
885,857,832
886,779,792,843,994,952
887,945,838,909
888,850,773,775,937,882,868,1007,958
889,735,749,789,943,893,903
890,811,905,866,992,995
891,702,806,847,776,743,976,1015,1028
892,788,904,858
893,788,889,858
894,839,783,822
895,931,846,999,989
896,796,752,861,853,790
897,794,862,774,883
898,819,745,768,815,914,999,989,999,1004
899,934,882,868
900,877,865,955,1007,958
901,791,919,999,1004
902,821,742,762,778,856
903,788,889,858
904,735,749,789,933,892,863
905,767,782,830,890,969
906,724,828,808,832,872
907,1008,1046,1027
908,930,810,873,953,912,984,940,1002
909,798,826,831,887,918,957,1009,932,948
910,853,947,1036,1000,1014
911,865,773,775,980,976,978,1040,1020
912,908,951,874,962,996,923
913,839,783,822
914,846,815,898,982
915,767,782,830
916,878,841,962,996,923,1039,1005
917,774,835,883,834,869,991,949,1010
918,945,838,909
919,791,851,901,982,982,1031
920,823,746,795,852,790,1036,1000,1014
921,798,826,831,1009,932,948
922,850,928,980,976,978,1040,1020
923,916,912,984,961,977
924,998,1051,979
925,876,810,873,1034,990
926,1012,1052,1006
927,878,841,951,939,874
928,812,817,967,997,922
929,771,842,839,824,1024,946,1013
930,734,818,820,841,908,1067,1050,1026
931,791,815,965,895,965,1031
932,838,921,909,1008,1046,1027
933,788,904,858
934,812,880,899,959,974,1039,1021
935,839,783,822
936,827,801,849,964,1051,979,1070,1016
937,968,888,956,938,983,993
938,937
939,876,927,940,1002,961,977
940,908,939,874,1039,1005
941,779,792,843,967,966,1035,1042,981
942,812,817,994,966,950,1059,1056,1022
943,788,889,858
944,834,869,954,862,991,949,1010
945,798,826,831,887,918,957,1047,972,1061,1054
946,929,949,1010,1032,1037
947,827,801,849,998,910
948,838,921,909,1008,1046,1027
949,879,917,944,1024,946,1013
950,942,1040,1020
951,876,927,953,912,984,1007,1074,1048
952,829,886,976,1015,1028
953,908,951,874
954,839,824,879,970,944
955,900,959,974
956,877,865,937,882,868,1007,958
957,945,838,909
958,888,900,956,1039,1021
959,955,934,882,868
960,1029,986,1044,1033,1069,1058
961,939,996,923
962,916,912,984
963,971,1052,1006,1011,1025,1064,1016,1047,1072
964,936,1036,1014,1049,1068,1066
965,931,846,931,1004
966,942,980,941,1015,1028
967,850,928,941,1015,1028,978,1040,1020
968,877,865,937,882,868,1002,1074,1048
969,811,905,866
970,834,869,954,862,1032,1037
971,1043,1030,963
972,1046,945,1027,1043,1076
973,1012,1052,1006
974,955,934,882,868
975,998,1070,1047,1012,1072
976,952,891,911,997,922,1035,1042,981
977,939,996,923
978,911,967,922,1059,1056,1022
979,924,936,1036,1014,1049,1068,1066
980,911,997,922,994,966
981,976,941,1028
982,846,919,851,914,919,989
983,937
984,908,951,874,962,996,923
985,1012,1052,1006
986,1045,960,987
987,1029,986,1044,1033,1069,1058
988,876,810,873,1055,1083,1023,1065,1087
989,898,895,982,1031
990,878,925,1067,1050,1026
991,879,917,944
992,881,890
993,937
994,829,886,942,980
995,881,890
996,916,912,984,961,977
997,850,928,980,976
998,853,947,924,1043,975,1049,1068,1066
999,898,895,901,898
1000,920,910,1070,1016
1001,1071,1003,1019
1002,908,939,874,1021,968,1097,1063,1082
1003,1001,1069,1058,1078,1062,1093
1004,901,898,965,1031
1005,916,940,1007,1074,1048
1006,973,926,985,1043,1030,963
1007,888,900,956,951,1005,1097,1063,1082
1008,907,932,948,1016,1012,1072,1061,1054
1009,838,921,909,1043,1076,1078,1038
1010,879,917,944,1024,946,1013
1011,1043,1018,963
1012,973,926,985,1036,975,1076,1008
1013,929,949,1010,1032,1037
1014,920,910,964,1051,979,1070,1016
1015,952,891,967,966
1016,936,1000,1014,1018,1030,963,1076,1008
1017,1033,1069,1058
1018,1011,1025,1064,1016,1047,1072
1019,1001,1069,1058,1078,1062,1093
1020,911,967,922,950,1059,1056,1022
1021,934,958,1002,1074,1048
1022,942,978,1020
1023,1067,988,1026,1075,1090,1081,1101
1024,929,949,1010
1025,1043,1018,963
1026,990,930,1055,1083,1023,1065,1087
1027,907,932,948,1047,972,1061,1054
1028,952,891,967,966,1035,1042,981
1029,1045,960,987
1030,971,1052,1006,1016,1047,1072
1031,919,989,931,1004
1032,970,946,1013
1033,1017,960,987,1054,1110,1077
1034,878,925,1075,1094,1041,1090,1081,1101
1035,976,941,1028
1036,920,910,964,1051,979,1047,1012,1072
1037,970,946,1013
1038,1009,1061,1110,1071,1077
1039,916,940,934,958,1120,1109,1091
1040,911,967,922,950
1041,1034,1087,1099,1085,1112
1042,976,941,1028
1043,1009,972,971,1052,1006,1011,1025,1064,998,1070
1044,1045,960,987
1045,1029,986,1044,1078,1062,1093
1046,907,932,948,1047,972,1110,1071,1077
1047,1046,945,1027,1018,1030,963,1036,975
1048,951,1005,1021,968,1097,1063,1082
1049,998,964,979
1050,990,930,1065,1087
1051,924,936,1036,1014
1052,973,926,985,1043,1030,963
1053,1113,1118,1092
1054,1008,945,1027,1033,1062,1093,1127,1115
1055,1067,988,1026,1090,1081,1101
1056,942,978,1020
1057,1113,1118,1092
1058,1017,960,987,1071,1003,1019
1059,942,978,1020
1060,1099,1065,1112
1061,1008,945,1027,1078,1038
1062,1045,1003,1019,1054,1110,1077
1063,1002,1007,1048,1120,1109,1091
1064,1043,1018,963
1065,988,1050,1026,1079,1100,1060,1117,1088
1066,998,964,979
1067,990,930,1055,1083,1023,1099,1085,1112
1068,998,964,979
1069,1017,960,987,1071,1003,1019
1070,936,1000,1014,1043,975
1071,1001,1069,1058,1046,1038,1127,1115
1072,1018,1030,963,1036,975,1076,1008
1073,1140,1096,1119,1107,1126,1134
1074,951,1005,1021,968,1114,1143
1075,1034,1083,1023
1076,1009,972,1016,1012,1072
1077,1046,1038,1033,1062,1093,1127,1115
1078,1045,1003,1019,1009,1061,1141,1095
1079,1099,1065,1112
1080,1113,1118,1092
1081,1034,1055,1023
1082,1002,1007,1048,1120,1109,1091
1083,1067,988,1026,1075
1084,1117,1102,1136,1108,1144
1085,1041,1067,1117,1088
1086,1133,1103,1089,1144,1104,1139,1122
1087,988,1050,1026,1094,1041
1088,1065,1085,1112,1116,1132
1089,1123,1121,1086,1139,1146,1131
1090,1034,1055,1023
1091,1039,1063,1082,1114,1143
1092,1057,1053,1080,1140,1096,1119,1107,1126,1134
1093,1045,1003,1019,1054,1110,1077
1094,1034,1087,1116,1132
1095,1078,1127,1147,1138,1149
1096,1073,1118,1092,1130,1145,1148
1097,1002,1007,1048
1098,1130,1145,1148
1099,1041,1067,1079,1100,1060,1104,1102,1136
1100,1099,1065,1112
1101,1034,1055,1023
1102,1121,1084,1132,1099
1103,1123,1121,1086,1139,1146,1131
1104,1123,1105,1086,1132,1099
1105,1144,1104,1122,1151,1128
1106,1108,1139,1137,1135,1152
1107,1113,1073,1092
1108,1116,1084,1142,1106,1146,1131,1151,1128
1109,1039,1063,1082,1114,1143
1110,1046,1038,1033,1062,1093,1147,1138,1149
1111,1145,1113,1148,1141,1154
1112,1041,1067,1079,1100,1060,1117,1088
1113,1057,1053,1080,1107,1126,1134,1147,1111,1153,1137
1114,1074,1109,1091
1115,1054,1071,1077,1150,1129,1124,1154,1130
1116,1094,1088,1108,1144
1117,1065,1085,1112,1121,1084
1118,1057,1053,1080,1140,1096,1119
1119,1073,1118,1092,1130,1145,1148
1120,1039,1063,1082
1121,1133,1103,1089,1117,1102,1136,1139,1122
1122,1121,1105,1086,1145,1125,1133,1151,1128
1123,1103,1089,1144,1104,1146,1131,1137,1135,1152
1124,1115,1147,1149
1125,1122,1135,1152,1140,1153
1126,1113,1073,1092
1127,1054,1071,1077,1141,1095
1128,1108,1122,1105,1146,1131
1129,1115,1147,1149
1130,1098,1096,1119,1115,1138,1149,1153,1137
1131,1108,1103,1089,1123,1151,1128
1132,1094,1088,1104,1102,1136
1133,1121,1086,1122
1134,1113,1073,1092
1135,1106,1123,1145,1125
1136,1121,1084,1132,1099
1137,1106,1123,1130,1113,1148
1138,1110,1095,1154,1130
1139,1103,1089,1121,1086,1142,1106
1140,1073,1118,1092,1142,1125,1141,1154
1141,1078,1127,1140,1111
1142,1108,1139,1140,1153
1143,1074,1109,1091
1144,1116,1084,1123,1105,1086
1145,1098,1096,1119,1147,1111,1122,1135,1152
1146,1108,1103,1089,1123,1151,1128
1147,1110,1095,1150,1129,1124,1145,1113,1148
1148,1098,1096,1119,1147,1111,1153,1137
1149,1110,1095,1150,1129,1124,1154,1130
1150,1115,1147,1149
1151,1108,1122,1105,1146,1131
1152,1106,1123,1145,1125
1153,1142,1125,1130,1113,1148
1154,1140,1111,1115,1138,1149
