ID,two bonds apart neighbours IDs
0,10,6,3
1,22,9,17
2,30,4,7
3,10,6,0
4,30,2,7
5,24,12,26
6,10,3,0
7,30,2,4
8,28,18
9,22,1,17
10,44,40,32,6,3,0
11,20,46
12,24,5,26
13,50,27,15
14,58,23,21
15,50,27,13
16,24,53
17,22,1,9
18,28,8
19,47,29
20,11,46
21,58,23,14
22,1,9,17,80,56
23,58,21,14
24,71,63,16,53,5,12,26
25,70,88,57,31
26,24,5,12
27,50,15,13,67,73
28,91,51,36,18,8
29,47,19
30,89,34,43,2,4,7
31,25
32,44,10,40
33,45,38
34,89,30,43
35,95,37,39
36,91,28,51
37,95,39,35
38,45,33
39,95,37,35
40,44,10,32
41,53,92,102
42,116,74,55
43,89,30,34
44,127,119,90,10,40,32
45,138,109,103,38,33
46,68,140,81,20,11
47,137,85,118,29,19
48,86,112,49
49,86,112,48
50,27,15,13,123,61
51,91,28,36
52,102,111,54
53,92,102,41,24,16
54,102,111,52
55,116,42,74
56,80,22
57,70,88,25
58,68,79,78,144,23,21,14
59,120,129,113
60,80,70
61,123,50
62,130,69,117
63,24,71
64,113,110,134
65,127,120
66,164,99,126
67,27,73,104,115,75,139,124
68,46,140,81,58,79
69,130,62,117,125,132
70,88,25,57,80,60
71,154,107,150,24,63
72,125,114
73,67,27
74,116,42,55
75,67,139,124,159,84
76,93,101,155
77,123,158,82
78,58,144
79,58,68
80,22,56,60,70,152,184,135
81,46,68,140
82,123,158,77
83,113
84,75,159
85,137,47,118
86,146,161,100,112,48,49
87,95,142
88,70,25,57,185,149
89,181,94,128,30,34,43
90,127,44,119
91,115,200,141,28,51,36
92,53,102,41,137,105
93,94,147,97,175,76,101,155
94,181,89,128,93,147
95,190,121,87,142,37,39,35
96,182,133
97,93,175
98,112,163
99,164,66,126
100,146,86,161
101,93,76,155
102,53,92,41,111,52,54
103,138,109,45
104,67,115
105,137,92
106,158,187,131
107,154,71,150,143,170,193
108,180,171,130
109,138,45,103,156,151
110,113,134,64
111,102,52,54
112,86,48,49,163,98
113,120,129,59,83,110,134,64
114,125,72
115,200,91,141,67,104
116,156,189,201,42,74,55
117,130,69,62
118,137,47,85
119,127,44,90
120,129,113,59,127,65
121,95,190
122,142,219,164
123,186,148,61,50,158,82,77
124,67,75,139
125,69,132,176,174,72,114
126,164,66,99
127,244,192,65,120,44,119,90
128,181,94,89
129,120,113,59,220,199
130,180,171,108,69,62,117
131,158,187,106
132,69,125
133,182,96
134,113,110,64
135,80,152,184
136,187,248
137,92,105,224,253,47,85,118
138,109,45,103,237,221
139,67,75,124
140,46,68,81,157,242,179,195
141,115,200,91
142,219,164,122,95,87
143,107,170,193,182,241
144,229,250,166,58,78
145,146,246
146,183,222,145,246,86,161,100
147,93,94
148,123,186
149,185,88
150,154,71,107
151,156,109
152,80,184,135
153,252,180
154,71,107,150,220,205
155,93,76,101
156,109,151,279,210,116,189,201
157,140
158,123,82,77,187,106,131
159,75,84
160,164,191,249
161,146,86,100
162,273,219
163,112,98
164,142,219,122,66,99,126,191,249,160
165,252,265,197
166,144,229,250
167,225,278
168,268,223,255
169,237,281,232
170,107,143,193
171,180,130,108,290,275
172,230,291,202
173,284,235
174,125,176
175,186,302,212,93,97
176,125,174
177,233,211
178,237,229
179,140,242,195
180,171,130,108,252,153
181,94,89,128,326,238
182,143,241,299,245,96,133
183,316,213,269,146,222
184,80,152,135
185,88,149,262,214,307,287,216
186,175,302,212,123,148
187,158,106,131,248,136
188,259,206,282
189,156,116,201
190,214,227,297,95,121
191,164,249,160
192,127,244
193,107,143,170
194,313,218,209
195,140,242,179
196,281,289,247
197,252,265,165
198,272,305,217
199,220,129
200,115,91,141,337,231
201,156,116,189
202,230,291,172
203,295,233,294
204,273,341
205,220,154
206,259,282,188
207,273,286,300
208,268,317
209,313,218,194
210,267,263,331,156,279
211,233,177
212,175,186,302
213,316,183,269,260,308
214,190,227,297,185,262
215,284,312
216,185,307,287
217,272,305,198
218,313,209,194,355,305
219,142,164,122,273,162
220,129,199,205,154,358,306,338
221,237,138
222,146,183
223,268,255,168
224,137,253
225,351,261,239,167,278
226,286,330,303
227,214,190,297,256,366,285
228,361,271
229,144,250,166,237,178
230,355,339,333,291,172,202
231,337,200
232,237,281,169
233,295,203,294,211,177
234,307,322,240
235,284,173
236,343,332,301
237,229,178,221,138,281,169,232
238,326,181
239,351,261,225
240,307,322,234
241,143,182
242,140,179,195
243,320,257,373,291
244,314,381,350,127,192
245,182,299
246,293,378,264,146,145
247,281,289,196
248,187,136
249,164,191,160
250,144,229,166,274,352,347,323,251,336
251,250,323,336
252,370,329,153,180,265,197,165
253,383,363,345,137,224
254,263,283,349
255,268,223,168
256,227,366,285
257,243,320
258,310,379,259
259,310,379,258,206,282,188
260,213,308
261,351,225,239,328,360
262,185,214
263,210,267,331,283,349,254
264,246,293,378
265,252,197,165
266,358,357,292
267,210,263,331,348,384
268,392,368,208,317,223,255,168
269,316,183,213
270,317,354,386
271,361,228
272,305,217,198,348,346
273,219,162,204,341,286,207,300
274,250,352,347
275,290,171
276,343,376
277,290,314
278,225,167
279,156,210
280,382,387,324
281,237,169,232,289,196,247,398,367,389
282,259,206,188
283,263,349,254,394,296
284,421,369,235,173,312,215
285,227,256,366
286,273,207,300,330,226,303
287,185,307,216
288,298,405,325
289,281,196,247
290,171,275,277,314,417,372,397
291,376,313,396,230,172,202,243,373
292,358,357,266
293,246,378,264,326,334
294,295,233,203
295,321,319,416,387,233,203,294
296,283,394
297,214,190,227
298,327,321,391,405,325,288
299,182,245
300,273,286,207
301,343,332,236
302,175,186,212,315,423,377
303,286,330,226
304,410,393
305,272,217,198,355,218
306,220,358,338
307,185,287,216,322,240,234
308,213,260
309,341,320,422
310,379,259,258,343,311
311,343,310
312,284,215
313,291,376,396,218,209,194
314,244,381,350,290,277
315,302,423,377
316,183,213,269,427,364
317,354,386,270,268,208
318,328,400
319,295,321
320,341,422,309,243,257
321,327,298,391,295,319
322,307,240,234
323,250,251,336
324,382,387,280
325,298,405,288
326,293,334,238,181,445,359,380
327,321,298,391,355,426
328,261,360,318,400,410,362,428
329,252,370
330,286,226,303,430,436
331,210,267,263
332,343,236,301,434,408,439
333,355,230,339
334,326,293
335,337,414,356
336,250,323,251
337,200,231,375,418,414,335,356
338,220,358,306
339,355,230,333
340,432,344,399,444,379
341,320,422,309,273,204
342,435,353
343,376,276,311,310,332,236,301
344,432,340,399
345,253,383,363
346,348,272
347,250,274,352
348,267,384,346,272,437,441,449
349,263,283,254
350,314,244,381
351,261,225,239,474,385
352,250,274,347
353,435,342
354,317,386,270,427,424
355,218,305,426,327,230,339,333
356,337,414,335
357,358,266,292
358,220,306,338,357,266,292,455,409,446
359,326,445,380
360,328,261
361,433,470,412,228,271
362,328,410,428
363,253,383,345
364,427,316
365,371,472
366,227,256,285
367,281,398,389
368,268,392
369,421,284
370,400,493,442,252,329
371,386,487,472,365
372,290,417,397
373,243,291
374,461,477
375,337,418
376,291,313,396,343,276
377,302,315,423
378,246,293,264,419,459
379,310,259,258,444,340
380,326,445,359
381,314,244,350,489,483
382,444,407,478,387,280,324
383,253,363,345,473,420
384,348,267
385,474,351
386,317,354,270,371,487
387,453,432,492,382,280,324,295,416
388,471,421,469
389,281,398,367
390,417,463
391,327,321,298
392,503,471,504,268,368
393,410,304,513,500
394,283,296,395,480,415,490
395,394,480
396,291,376,313
397,290,417,372
398,281,367,389
399,432,340,344
400,370,493,442,328,318
401,497,491,468
402,405,509,431
403,491,481,462
404,422,516,425
405,298,325,288,509,431,402
406,444,527
407,444,382,478
408,332,434,439
409,358,455,446
410,328,362,428,393,304,513,521
411,523,447,476
412,433,361,470
413,514,435,488
414,337,335,356
415,394,490
416,295,387
417,290,372,397,463,390,506,458
418,529,499,440,337,375
419,378,459,508,464
420,473,383
421,471,388,469,284,369
422,341,320,309,516,425,404
423,302,315,377
424,427,354
425,422,516,404
426,355,327
427,354,424,364,316,505,557,485
428,328,410,362
429,540,443,479
430,330,436
431,405,509,402
432,387,453,492,340,344,399
433,474,522,438,361,470,412
434,332,408,439,537,528,517
435,514,488,413,342,353
436,330,430
437,348,441,449,559,530
438,474,433,522
439,332,434,408
440,418,529,499
441,348,437,449
442,400,370,493
443,540,429,479
444,340,379,406,527,382,407,478
445,326,359,380,558,466,552,450
446,358,455,409
447,523,411,476
448,473,542,526
449,348,437,441
450,552,445
451,547,495,531
452,456,484,544
453,387,432,492,543,562
454,514,576
455,358,409,446
456,573,465,486,452,484,544
457,493,549,510
458,506,417
459,508,533,378,419
460,587,536,502
461,585,515,498,477,374
462,491,403,481
463,417,390,506,538
464,419,508
465,573,456,486
466,445,558
467,563
468,497,491,401
469,471,421,388
470,433,361,412
471,503,392,504,421,388,469
472,371,365,487,569,545
473,383,420,539,570,542,526,448
474,520,511,385,351,433,522,438
475,567,541
476,523,411,447
477,461,374
478,444,382,407
479,540,443,429
480,394,395
481,491,403,462
482,568,567,532
483,592,575,381,489
484,456,452,544
485,427,505,557
486,573,456,465
487,472,569,386,371
488,514,435,413
489,381,483,592,590
490,394,415
491,497,468,401,403,481,462
492,387,453,432
493,400,370,442,549,457,510,604,572,553
494,523,550,580
495,547,451,531
496,516,582
497,602,603,578,491,468,401
498,585,515,461
499,418,529,440,555
500,393,513
501,547,581,579
502,587,460,536
503,392,471,504,543,512
504,503,392,471
505,427,557,485
506,463,538,417,458
507,613,551,519
508,419,464,459,533
509,405,431,402
510,493,549,457
511,474,520
512,543,503
513,393,500,410,521
514,622,596,454,576,435,488,413
515,585,461,498,588,612
516,422,425,404,496,582
517,434,537,528
518,600,540,599
519,613,507,551
520,527,620,524,474,511
521,513,410
522,474,433,438
523,632,607,574,411,447,476,494,550,580
524,527,520,620
525,534,626
526,473,542,448
527,520,620,524,444,406
528,434,537,517
529,418,499,440,623,556
530,437,559
531,547,451,495
532,568,567,482
533,508,459
534,571,633,535,626,525
535,571,633,534
536,587,460,502
537,434,528,517
538,463,506
539,473,570
540,600,599,518,443,429,479
541,567,475
542,473,526,448
543,453,562,512,503,642,631,636
544,456,452,484
545,472
546,576,586,647
547,641,611,640,451,495,531,501,581,579
548,646,577,561
549,493,457,510
550,523,494,580
551,613,507,519
552,558,644,445,450
553,493,604,572
554,619,639,564
555,499
556,623,529
557,427,505,485
558,445,466,552,644
559,437,530
560,568,586
561,646,577,548
562,543,453
563,657,598,565,467
564,619,639,554
565,657,563,598
566,605,656,573
567,568,532,482,475,541
568,586,560,681,639,567,532,482
569,472,487
570,674,645,606,473,539
571,633,534,535,588,601
572,493,604,553
573,605,656,566,456,465,486
574,632,523,607
575,592,483
576,586,647,546,514,454
577,646,548,561
578,602,497,603
579,547,501,581
580,523,494,550
581,547,501,579
582,516,496
583,650,694,666
584,634,660,650
585,515,461,498,683,610
586,576,647,546,568,560
587,696,614,635,460,536,502
588,515,612,601,571,652,649,692
589,632,634
590,489,592
591,654,594,648
592,489,590,483,575,667
593,687,597,617,709,633
594,654,648,591
595,602,611
596,514,622
597,687,593,617
598,657,563,565
599,600,540,518
600,708,685,661,540,599,518
601,588,571
602,611,595,663,724,497,603,578
603,602,497,578
604,493,572,553
605,656,573,566,613,624
606,570,674,645
607,632,523,574
608,669,704,627
609,623,699,672
610,683,585
611,641,547,640,602,595
612,588,515
613,714,618,624,605,507,551,519
614,696,587,635,628,659
615,703
616,699,711
617,687,593,597
618,613,714
619,709,691,732,639,564,554
620,527,520,524,638,675
621,642,664
622,717,669,730,514,596
623,529,556,701,688,699,609,672
624,613,605
625,734,671,677
626,534,525
627,669,704,608
628,614,659,637,735,646,629,713
629,628,646,713
630,683,643,720
631,543,642,636
632,774,695,589,634,523,607,574
633,571,534,535,709,593
634,660,650,584,632,589
635,696,614,587
636,543,642,631
637,628,735
638,620,675,697,658
639,781,687,733,619,564,554,568,681
640,641,611,547
641,611,547,640,744,764
642,543,631,636,664,621,707,678
643,683,720,630,759,706
644,558,552
645,570,674,606,673,722,757
646,628,629,713,577,548,561,686,676,758
647,576,586,546
648,654,594,591
649,588,652,692
650,634,660,584,583,694,666
651,734,756,721
652,588,649,692
653,773,654,726
654,773,653,726,594,648,591
655,744,674
656,605,573,566,805,718
657,786,684,665,738,563,598,565
658,638,697
659,628,614
660,634,650,584,788,755
661,708,685,600
662,704,751
663,602,724
664,642,621,707,727
665,657,738
666,650,583,694
667,592
668,810,715,725
669,717,622,730,704,627,608
670,784,689,729
671,734,625,677
672,623,699,609
673,645,722,757,766,690
674,570,645,606,744,655
675,697,736,620,638
676,646,686,758
677,734,625,671
678,707,642
679,769,761,780
680,778,770
681,568,639
682,767,769
683,749,719,610,585,643,720,630
684,657,786
685,708,600,661,771,754
686,646,676,758
687,639,781,733,593,597,617
688,714,753,800,623,701
689,784,670,729
690,673,766
691,709,619,732
692,588,652,649
693,744,793,787
694,650,583,666
695,632,774
696,614,587,635,839,785
697,638,658,675,736
698,813,781
699,623,609,672,616,711
700,821,772,728
701,623,688
702,829,806
703,812,809,748,615
704,669,627,608,662,751
705,823,784,740
706,643,759
707,664,727,642,678
708,685,600,661,819,814
709,593,633,840,762,619,691,732
710,760,825,802
711,699,616
712,806,737,811
713,628,646,629
714,688,753,800,613,618
715,810,668,725
716,799
717,622,669,730,788,750
718,805,656
719,683,749
720,683,643,630
721,734,651,756
722,645,673,757
723,738,834,799
724,828,857,808,602,663
725,810,715,668
726,773,654,653
727,664,707
728,821,772,700
729,784,670,689
730,717,622,669
731,813,741,816
732,709,619,691
733,639,781,687
734,878,818,820,651,756,721,625,671,677
735,749,860,789,628,637
736,697,675
737,806,811,712,747,803
738,834,799,723,657,665
739,771,833,837
740,823,784,705
741,813,731,816
742,821,844
743,829,847,776
744,674,655,764,641,793,787,693
745,819,846,768
746,853,823,795
747,737,803
748,812,703,809
749,735,860,789,683,719
750,788,717
751,704,662
752,796,852,861,847
753,688,714,800,807,763,845
754,771,685
755,788,660
756,734,651,721
757,645,673,722
758,646,686,676
759,643,706
760,801,870,836,710,825,802
761,769,780,679
762,844,778,856,709,840
763,753,807,845
764,744,641
765,793,864
766,673,690
767,779,859,682,769,881,782,830
768,819,846,745
769,761,780,679,767,682
770,778,680
771,685,754,842,879,739,833,837
772,821,728,700,792
773,865,850,775,654,653,726
774,862,835,883,632,695
775,865,850,773
776,829,847,743
777,819,828
778,762,844,856,770,680
779,891,792,843,767,859
780,769,761,679
781,639,687,733,813,698
782,767,881,830
783,839,897,822
784,823,705,740,670,689,729
785,839,696
786,804,791,875,657,684
787,744,793,693
788,660,755,750,717,904,889,858
789,735,749,860
790,853,852
791,804,786,875,851,898
792,891,779,843,772
793,744,787,693,765,864
794,835
795,853,823,746
796,852,752,861,813,902
797,799,848,884
798,907,826,831
799,738,834,723,716,848,884,797
800,688,714,753
801,827,920,849,760,870,836
802,760,710,825
803,747,737
804,786,791,875,805,867
805,656,718,867,804,855,854,906
806,737,811,712,829,702
807,753,763,845
808,724,828,857
809,812,703,748
810,930,876,873,715,668,725
811,806,737,712,915,905,866
812,888,880,817,911,703,809,748
813,781,698,902,796,741,731,816
814,819,708
815,846,901
816,813,741,731
817,812,911
818,878,734,820
819,828,777,814,708,846,745,768
820,878,734,818
821,844,742,896,827,772,728,700
822,839,783,897
823,853,746,795,784,705,740
824,839,917
825,760,710,802
826,907,798,831
827,920,801,849,821,896
828,724,857,808,819,777
829,941,886,702,806,847,776,743
830,767,881,782
831,907,798,826
832,857,872
833,771,739,837
834,738,799,723,929,869
835,862,774,883,794,894,935,913
836,801,760,870
837,771,739,833
838,945,921,909
839,917,824,785,696,783,897,822
840,709,762
841,878,908
842,771,879
843,891,779,792
844,762,778,856,821,742
845,753,807,763
846,819,745,768,901,815,931,919
847,829,776,743,752
848,799,884,797
849,827,920,801
850,865,773,775,942,928
851,791,898,931,914
852,796,752,861,853,790
853,852,790,947,936,823,746,795
854,805,855,906
855,805,854,906,885,871
856,762,844,778
857,724,828,808,832,872
858,788,904,889
859,767,779
860,735,749,789,943,893,903,933,892,863
861,796,852,752
862,774,835,883,929,954
863,860,933,892
864,793,765
865,850,773,775,934,877
866,811,915,905
867,805,804
868,934,937,882
869,929,834
870,801,760,836
871,855,885
872,857,832
873,930,876,810
874,908,951,939
875,804,786,791
876,930,810,873,916,927
877,934,865
878,988,925,841,908,734,818,820
879,917,970,944,771,842
880,812,888
881,767,782,830,890,969
882,934,937,868
883,862,774,835
884,799,848,797
885,855,871
886,829,941
887,907,918,957
888,968,900,956,812,880
889,788,904,858
890,881,969
891,779,792,843,994,952
892,860,933,863
893,860,943,903
894,835,935,913
895,898,965
896,821,827
897,839,783,822
898,901,982,791,851,965,895
899,900,959,974,938,983,993
900,968,888,956,899,959,974
901,846,815,898,982
902,813,796
903,860,943,893
904,788,889,858
905,811,915,866
906,805,855,854
907,1009,932,948,798,826,831,887,918,957
908,951,939,874,878,841
909,945,838,921
910,998,920
911,967,997,922,812,817
912,916,953,984
913,835,894,935
914,851,931
915,811,905,866,992,995
916,876,927,940,1002,953,912,984
917,879,970,944,839,824
918,907,887,957
919,931,846,999,989
920,827,801,849,998,910
921,945,838,909
922,911,967,997
923,939,962,996
924,1000
925,878,988
926,1018,973,985
927,916,876
928,942,850
929,834,869,954,862,991,949,1010
930,876,810,873,1034,990
931,851,914,846,919,999,1004
932,1009,907,948
933,860,892,863
934,1007,958,877,865,937,882,868
935,835,894,913
936,1036,1000,1014,853,947
937,934,882,868,955
938,899,983,993
939,908,951,874,962,996,923
940,916,1002
941,976,1015,1028,829,886
942,850,928,980,976,978,1040,1020
943,860,893,903
944,879,917,970
945,1008,1046,1027,838,921,909
946,970,1024,1013
947,853,936
948,1009,907,932
949,929,991,1010
950,997
951,908,939,874,1039,1005
952,994,891
953,916,912,984,961,977
954,929,862
955,937
956,968,888,900
957,907,887,918
958,934,1007
959,900,899,974
960,1045,1017,987
961,953,977
962,939,996,923
963,1043,1018,1030
964,998,1051,979
965,898,895,982,1031
966,994,967
967,911,997,922,994,966
968,888,900,956,1039,1021
969,881,890
970,879,917,944,1024,946,1013
971,1012,1052,1006
972,1009,1047
973,1018,926,985
974,900,899,959
975,1043,1036
976,941,1015,1028,942,980
977,953,961
978,942,1040,1020
979,998,964,1051
980,942,976
981,994,1035,1042
982,965,1031,901,898
983,899,938,993
984,916,953,912
985,1018,973,926
986,1001,1029,1044
987,1045,1017,960
988,1067,1050,1026,878,925
989,919,999
990,1034,930
991,929,949,1010,1032,1037
992,915,995
993,899,938,983
994,967,966,952,891,1035,1042,981
995,915,992
996,939,962,923
997,911,967,922,950,1059,1056,1022
998,920,910,1070,1016,964,1051,979
999,919,989,931,1004
1000,936,1036,1014,924,1049,1068,1066
1001,1033,1069,1058,1029,986,1044
1002,1007,1074,1048,916,940
1003,1071,1045,1019
1004,999,931
1005,1039,951
1006,1012,971,1052
1007,1002,1074,1048,934,958
1008,1046,945,1027,1043,1076
1009,1047,972,1061,1054,907,932,948
1010,929,991,949
1011,1012,1025,1064
1012,1016,1047,1072,971,1052,1006,1011,1025,1064
1013,970,1024,946
1014,936,1036,1000
1015,976,941,1028
1016,1047,1012,1072,998,1070
1017,1045,960,987
1018,1043,1030,963,973,926,985
1019,1071,1045,1003
1020,942,978,1040
1021,1039,968
1022,997,1059,1056
1023,1034,1055,1083
1024,970,946,1013
1025,1012,1011,1064
1026,1067,988,1050
1027,1008,1046,945
1028,976,941,1015
1029,1001,986,1044
1030,1043,1018,963
1031,965,982
1032,991,1037
1033,1078,1062,1093,1001,1069,1058
1034,1065,1087,990,930,1055,1083,1023
1035,994,1042,981
1036,936,1000,1014,1043,975
1037,991,1032
1038,1078,1046
1039,951,1005,1021,968,1097,1063,1082
1040,942,978,1020
1041,1094,1067
1042,994,1035,981
1043,1036,975,1076,1008,1018,1030,963
1044,1001,1029,986
1045,1071,1003,1019,1017,960,987
1046,1008,945,1027,1078,1038
1047,1016,1012,1072,1009,972
1048,1002,1007,1074
1049,1000,1068,1066
1050,1067,988,1026,1075,1090,1081,1101
1051,998,964,979
1052,1012,971,1006
1053,1098,1057,1080
1054,1110,1071,1077,1009,1061
1055,1034,1083,1023
1056,997,1059,1022
1057,1098,1053,1080
1058,1033,1001,1069
1059,997,1056,1022
1060,1094,1079,1100
1061,1009,1054
1062,1078,1033,1093
1063,1039,1097,1082
1064,1012,1011,1025
1065,1099,1085,1112,1034,1087
1066,1000,1049,1068
1067,988,1050,1026,1094,1041
1068,1000,1049,1066
1069,1033,1001,1058
1070,998,1016
1071,1054,1110,1077,1045,1003,1019
1072,1016,1047,1012
1073,1113,1118,1092
1074,1002,1007,1048,1120,1109,1091
1075,1050
1076,1043,1008
1077,1054,1110,1071
1078,1046,1038,1127,1115,1033,1062,1093
1079,1094,1100,1060
1080,1098,1057,1053
1081,1050,1090,1101
1082,1039,1097,1063
1083,1034,1055,1023
1084,1116,1121
1085,1099,1065,1112
1086,1123,1121,1105
1087,1034,1065
1088,1094,1117
1089,1108,1133,1103
1090,1050,1081,1101
1091,1074,1120,1109
1092,1113,1073,1118
1093,1078,1033,1062
1094,1117,1088,1041,1067,1079,1100,1060
1095,1141,1110
1096,1140,1098,1119
1097,1039,1063,1082,1114,1143
1098,1140,1096,1119,1057,1053,1080,1107,1126,1134
1099,1065,1085,1112,1116,1132
1100,1094,1079,1060
1101,1050,1090,1081
1102,1104,1117,1136
1103,1108,1133,1089
1104,1117,1102,1136,1108,1144
1105,1123,1121,1086,1139,1146,1131
1106,1142,1123
1107,1098,1126,1134
1108,1139,1122,1144,1104,1133,1103,1089
1109,1074,1120,1091
1110,1054,1071,1077,1141,1095
1111,1140,1147
1112,1099,1065,1085
1113,1130,1145,1148,1073,1118,1092
1114,1097,1143
1115,1147,1138,1149,1078,1127
1116,1121,1084,1132,1099
1117,1104,1102,1136,1094,1088
1118,1113,1073,1092
1119,1140,1098,1096
1120,1074,1109,1091
1121,1123,1105,1086,1116,1084
1122,1137,1135,1152,1108,1139
1123,1121,1105,1086,1133,1151,1128,1142,1106
1124,1141,1150,1129
1125,1142,1145
1126,1098,1107,1134
1127,1078,1115
1128,1133,1123,1151
1129,1141,1150,1124
1130,1145,1113,1148,1141,1154
1131,1105,1139,1146
1132,1116,1099
1133,1108,1103,1089,1123,1151,1128
1134,1098,1107,1126
1135,1137,1122,1152
1136,1104,1117,1102
1137,1122,1135,1152,1140,1153
1138,1115,1147,1149
1139,1105,1146,1131,1108,1122
1140,1147,1111,1153,1137,1098,1096,1119
1141,1110,1095,1154,1130,1150,1129,1124
1142,1145,1125,1106,1123
1143,1097,1114
1144,1108,1104
1145,1130,1113,1148,1142,1125
1146,1105,1139,1131
1147,1115,1138,1149,1140,1111
1148,1130,1145,1113
1149,1115,1147,1138
1150,1141,1129,1124
1151,1133,1123,1128
1152,1137,1122,1135
1153,1140,1137
1154,1141,1130
